1448485899,48.850385,2.353708,153.543307F, 67
1448485900,48.850386,2.353698,152.887139F, 71
1448485901,48.850386,2.353698,152.887139F, 71
1448485902,48.850387,2.353674,152.230971F, 71
1448485903,48.850391,2.353648,151.574803F, 73
1448485904,48.850396,2.353614,150.918635F, 77
1448485905,48.850404,2.353570,150.262467F, 77
1448485906,48.850419,2.353520,148.950131F, 82
1448485907,48.850434,2.353469,147.637796F, 82
1448485908,48.850449,2.353418,145.669292F, 79
1448485909,48.850464,2.353368,144.356956F, 84
1448485910,48.850476,2.353323,143.044620F, 86
1448485911,48.850489,2.353285,141.732284F, 86
1448485912,48.850500,2.353256,141.076116F, 89
1448485913,48.850511,2.353242,139.763780F, 87
1448485914,48.850526,2.353244,136.482940F, 86
1448485915,48.850530,2.353265,134.514436F, 88
1448485916,48.850527,2.353300,131.889764F, 87
1448485917,48.850515,2.353340,130.577428F, 87
1448485918,48.850506,2.353383,128.608924F, 91
1448485919,48.850494,2.353428,126.640420F, 91
1448485920,48.850484,2.353473,124.015748F, 96
1448485921,48.850477,2.353514,122.047244F, 96
1448485922,48.850471,2.353559,118.766404F, 102
1448485923,48.850461,2.353604,116.797900F, 105
1448485924,48.850452,2.353646,114.829397F, 108
1448485925,48.850445,2.353694,112.204725F, 110
1448485926,48.850438,2.353744,110.236221F, 110
1448485927,48.850430,2.353796,108.923885F, 114
1448485928,48.850417,2.353851,106.955381F, 118
1448485929,48.850414,2.353906,104.330709F, 121
1448485930,48.850418,2.353964,103.018373F, 122
1448485931,48.850428,2.354023,100.393701F, 122
1448485932,48.850434,2.354079,98.425197F, 123
1448485933,48.850441,2.354131,96.456693F, 123
1448485934,48.850445,2.354183,95.800525F, 123
1448485935,48.850440,2.354237,95.800525F, 123
1448485936,48.850428,2.354292,95.144357F, 123
1448485937,48.850413,2.354342,93.832021F, 123
1448485938,48.850397,2.354390,93.175853F, 124
1448485939,48.850385,2.354439,91.863517F, 127
1448485940,48.850373,2.354485,89.895013F, 127
1448485941,48.850362,2.354529,87.926509F, 128
1448485942,48.850352,2.354574,85.958005F, 128
1448485943,48.850341,2.354621,83.989501F, 130
1448485944,48.850332,2.354671,81.364830F, 133
1448485945,48.850317,2.354719,79.396326F, 133
1448485946,48.850304,2.354773,76.115486F, 134
1448485947,48.850298,2.354825,73.490814F, 135
1448485948,48.850295,2.354874,71.522310F, 137
1448485949,48.850286,2.354920,69.553806F, 137
1448485950,48.850275,2.354967,68.241470F, 137
1448485951,48.850262,2.355015,66.272966F, 138
1448485952,48.850250,2.355064,64.960630F, 138
1448485953,48.850241,2.355109,63.648294F, 138
1448485954,48.850230,2.355153,61.679790F, 137
1448485955,48.850204,2.355192,59.711286F, 137
1448485956,48.850192,2.355231,59.055118F, 135
1448485957,48.850184,2.355269,57.086614F, 135
1448485958,48.850168,2.355315,55.774278F, 135
1448485959,48.850147,2.355360,54.461942F, 138
1448485960,48.850134,2.355430,53.805774F, 140
1448485961,48.850112,2.355479,52.493438F, 141
1448485962,48.850092,2.355527,51.181102F, 142
1448485963,48.850102,2.355597,52.493438F, 144
1448485964,48.850081,2.355701,50.524934F, 144
1448485965,48.850081,2.355701,50.524934F, 144
1448485966,48.850065,2.355748,49.212598F, 144
1448485967,48.850050,2.355789,48.556431F, 147
1448485968,48.850036,2.355826,47.244095F, 147
1448485969,48.850017,2.355866,46.587927F, 148
1448485970,48.849995,2.355911,45.931759F, 150
1448485971,48.849970,2.355948,45.275591F, 149
1448485972,48.849952,2.355997,44.619423F, 148
1448485973,48.849941,2.356046,43.963255F, 148
1448485974,48.849936,2.356095,43.963255F, 148
1448485975,48.849931,2.356144,43.963255F, 148
1448485976,48.849922,2.356190,43.307087F, 148
1448485977,48.849917,2.356235,42.650919F, 148
1448485978,48.849911,2.356282,41.994751F, 149
1448485979,48.849904,2.356332,41.994751F, 149
1448485980,48.849895,2.356383,41.338583F, 149
1448485981,48.849884,2.356430,41.338583F, 150
1448485982,48.849869,2.356478,40.682415F, 150
1448485983,48.849856,2.356521,40.026247F, 150
1448485984,48.849842,2.356572,40.026247F, 150
1448485985,48.849830,2.356620,41.338583F, 151
1448485986,48.849815,2.356669,41.994751F, 151
1448485987,48.849804,2.356720,41.338583F, 150
1448485988,48.849790,2.356774,41.338583F, 150
1448485989,48.849769,2.356829,40.682415F, 149
1448485990,48.849750,2.356886,40.682415F, 150
1448485991,48.849733,2.356938,40.682415F, 149
1448485992,48.849715,2.356981,39.370079F, 150
1448485993,48.849699,2.357025,38.713911F, 150
1448485994,48.849684,2.357068,38.057743F, 151
1448485995,48.849666,2.357112,37.401575F, 151
1448485996,48.849647,2.357152,36.745407F, 151
1448485997,48.849620,2.357186,36.089239F, 151
1448485998,48.849593,2.357215,36.089239F, 151
1448485999,48.849574,2.357247,35.433071F, 151
1448486000,48.849572,2.357286,34.120735F, 151
1448486001,48.849552,2.357335,32.152231F, 150
1448486002,48.849531,2.357380,30.839895F, 151
1448486003,48.849513,2.357428,28.871391F, 153
1448486004,48.849485,2.357477,28.871391F, 152
1448486005,48.849461,2.357540,28.215223F, 152
1448486006,48.849442,2.357594,27.559055F, 151
1448486007,48.849427,2.357663,27.559055F, 150
1448486008,48.849410,2.357721,28.215223F, 150
1448486009,48.849394,2.357777,28.215223F, 150
1448486010,48.849381,2.357830,28.215223F, 150
1448486011,48.849368,2.357883,28.871391F, 151
1448486012,48.849346,2.357932,28.871391F, 151
1448486013,48.849326,2.357983,28.871391F, 151
1448486014,48.849309,2.358033,28.871391F, 151
1448486015,48.849289,2.358079,28.871391F, 152
1448486016,48.849264,2.358121,28.871391F, 152
1448486017,48.849241,2.358164,28.215223F, 151
1448486018,48.849226,2.358211,28.871391F, 151
1448486019,48.849216,2.358266,30.183727F, 152
1448486020,48.849199,2.358317,30.839895F, 152
1448486021,48.849182,2.358370,31.496063F, 151
1448486022,48.849174,2.358426,33.464567F, 152
1448486023,48.849162,2.358480,34.776903F, 153
1448486024,48.849143,2.358527,35.433071F, 153
1448486025,48.849127,2.358580,36.089239F, 153
1448486026,48.849113,2.358630,38.057743F, 151
1448486027,48.849099,2.358679,39.370079F, 151
1448486028,48.849082,2.358724,40.682415F, 151
1448486029,48.849061,2.358769,40.682415F, 152
1448486030,48.849039,2.358809,41.338583F, 153
1448486031,48.849015,2.358847,41.994751F, 154
1448486032,48.848987,2.358884,41.994751F, 154
1448486033,48.848960,2.358921,42.650919F, 153
1448486034,48.848936,2.358958,43.307087F, 152
1448486035,48.848910,2.358991,43.963255F, 152
1448486036,48.848889,2.359028,45.275591F, 152
1448486037,48.848865,2.359065,45.931759F, 152
1448486038,48.848839,2.359102,45.931759F, 151
1448486039,48.848813,2.359141,45.931759F, 153
1448486040,48.848786,2.359180,46.587927F, 153
1448486041,48.848762,2.359216,47.900263F, 152
1448486042,48.848738,2.359253,49.212598F, 153
1448486043,48.848719,2.359291,51.837270F, 154
1448486044,48.848697,2.359329,53.805774F, 154
1448486045,48.848675,2.359364,55.774278F, 155
1448486046,48.848653,2.359403,58.398950F, 155
1448486047,48.848628,2.359441,59.711286F, 156
1448486048,48.848603,2.359479,61.023622F, 156
1448486049,48.848579,2.359515,62.992126F, 154
1448486050,48.848555,2.359553,64.960630F, 154
1448486051,48.848531,2.359590,66.272966F, 154
1448486052,48.848505,2.359629,66.929134F, 154
1448486053,48.848479,2.359668,68.241470F, 154
1448486054,48.848423,2.359749,69.553806F, 156
1448486055,48.848423,2.359749,69.553806F, 156
1448486056,48.848371,2.359831,70.866142F, 156
1448486057,48.848371,2.359831,70.866142F, 156
1448486058,48.848345,2.359869,70.866142F, 157
1448486059,48.848318,2.359908,70.866142F, 156
1448486060,48.848294,2.359948,70.866142F, 155
1448486061,48.848272,2.359988,70.866142F, 154
1448486062,48.848247,2.360023,71.522310F, 155
1448486063,48.848219,2.360052,72.178478F, 156
1448486064,48.848187,2.360078,72.834646F, 156
1448486065,48.848157,2.360101,72.834646F, 157
1448486066,48.848129,2.360123,74.146982F, 157
1448486067,48.848102,2.360150,75.459318F, 156
1448486068,48.848075,2.360179,76.771654F, 156
1448486069,48.848048,2.360216,77.427822F, 153
1448486070,48.848023,2.360254,78.740158F, 152
1448486071,48.848002,2.360292,79.396326F, 152
1448486072,48.847980,2.360329,79.396326F, 153
1448486073,48.847958,2.360369,79.396326F, 154
1448486074,48.847938,2.360406,79.396326F, 155
1448486075,48.847915,2.360443,80.052494F, 155
1448486076,48.847892,2.360480,80.052494F, 154
1448486077,48.847868,2.360518,80.052494F, 155
1448486078,48.847846,2.360559,80.052494F, 155
1448486079,48.847820,2.360599,80.708662F, 154
1448486080,48.847796,2.360637,80.708662F, 153
1448486081,48.847773,2.360669,81.364830F, 153
1448486082,48.847752,2.360704,81.364830F, 156
1448486083,48.847731,2.360740,82.020998F, 154
1448486084,48.847685,2.360818,82.677165F, 155
1448486085,48.847685,2.360818,82.677165F, 155
1448486086,48.847658,2.360853,83.333333F, 155
1448486087,48.847632,2.360889,83.333333F, 155
1448486088,48.847606,2.360924,83.989501F, 155
1448486089,48.847582,2.360957,83.989501F, 155
1448486090,48.847556,2.360991,83.989501F, 156
1448486091,48.847530,2.361023,83.333333F, 156
1448486092,48.847503,2.361052,83.333333F, 156
1448486093,48.847472,2.361078,83.333333F, 154
1448486094,48.847442,2.361107,84.645669F, 154
1448486095,48.847412,2.361136,85.301837F, 155
1448486096,48.847382,2.361164,85.958005F, 156
1448486097,48.847350,2.361190,86.614173F, 157
1448486098,48.847319,2.361214,86.614173F, 159
1448486099,48.847288,2.361239,87.270341F, 159
1448486100,48.847256,2.361260,87.270341F, 158
1448486101,48.847227,2.361285,87.926509F, 157
1448486102,48.847197,2.361309,87.926509F, 157
1448486103,48.847168,2.361336,87.270341F, 157
1448486104,48.847139,2.361367,87.270341F, 158
1448486105,48.847114,2.361400,87.926509F, 158
1448486106,48.847093,2.361439,88.582677F, 159
1448486107,48.847073,2.361481,88.582677F, 160
1448486108,48.847056,2.361524,88.582677F, 159
1448486109,48.847038,2.361570,88.582677F, 159
1448486110,48.847018,2.361614,88.582677F, 156
1448486111,48.847001,2.361659,88.582677F, 156
1448486112,48.846982,2.361702,87.926509F, 158
1448486113,48.846960,2.361745,87.926509F, 158
1448486114,48.846939,2.361788,87.926509F, 158
1448486115,48.846918,2.361831,87.926509F, 158
1448486116,48.846897,2.361873,87.926509F, 158
1448486117,48.846877,2.361913,87.926509F, 157
1448486118,48.846857,2.361954,87.270341F, 157
1448486119,48.846837,2.361994,87.270341F, 157
1448486120,48.846813,2.362034,86.614173F, 157
1448486121,48.846789,2.362075,87.270341F, 157
1448486122,48.846768,2.362117,87.270341F, 157
1448486123,48.846745,2.362155,87.270341F, 157
1448486124,48.846703,2.362230,86.614173F, 157
1448486125,48.846703,2.362230,86.614173F, 157
1448486126,48.846682,2.362270,85.958005F, 157
1448486127,48.846661,2.362309,85.301837F, 157
1448486128,48.846639,2.362348,84.645669F, 157
1448486129,48.846616,2.362389,83.989501F, 156
1448486130,48.846593,2.362429,83.333333F, 156
1448486131,48.846571,2.362469,82.677165F, 155
1448486132,48.846548,2.362510,82.020998F, 155
1448486133,48.846525,2.362551,80.708662F, 155
1448486134,48.846504,2.362588,80.708662F, 154
1448486135,48.846479,2.362620,80.052494F, 154
1448486136,48.846454,2.362650,80.052494F, 154
1448486137,48.846429,2.362678,78.740158F, 154
1448486138,48.846403,2.362706,78.740158F, 153
1448486139,48.846375,2.362735,78.083990F, 153
1448486140,48.846348,2.362762,77.427822F, 153
1448486141,48.846320,2.362788,76.771654F, 153
1448486142,48.846291,2.362813,76.115486F, 152
1448486143,48.846260,2.362840,75.459318F, 152
1448486144,48.846231,2.362867,74.803150F, 151
1448486145,48.846201,2.362892,74.146982F, 151
1448486146,48.846176,2.362921,74.146982F, 151
1448486147,48.846151,2.362949,74.803150F, 152
1448486148,48.846127,2.362982,74.803150F, 151
1448486149,48.846102,2.363013,74.146982F, 151
1448486150,48.846077,2.363046,74.146982F, 149
1448486151,48.846052,2.363080,73.490814F, 149
1448486152,48.846029,2.363115,73.490814F, 148
1448486153,48.846006,2.363149,73.490814F, 148
1448486154,48.845954,2.363215,74.803150F, 150
1448486155,48.845954,2.363215,74.803150F, 150
1448486156,48.845926,2.363238,76.115486F, 150
1448486157,48.845896,2.363253,76.115486F, 152
1448486158,48.845863,2.363264,75.459318F, 155
1448486159,48.845832,2.363277,75.459318F, 155
1448486160,48.845801,2.363294,74.146982F, 157
1448486161,48.845773,2.363317,72.834646F, 157
1448486162,48.845748,2.363343,71.522310F, 155
1448486163,48.845721,2.363370,70.866142F, 154
1448486164,48.845694,2.363396,70.866142F, 154
1448486165,48.845666,2.363416,70.866142F, 154
1448486166,48.845637,2.363439,70.209974F, 154
1448486167,48.845608,2.363463,71.522310F, 154
1448486168,48.845578,2.363491,72.178478F, 156
1448486169,48.845524,2.363546,73.490814F, 158
1448486170,48.845524,2.363546,73.490814F, 158
1448486171,48.845498,2.363574,73.490814F, 158
1448486172,48.845473,2.363602,74.146982F, 157
1448486173,48.845448,2.363629,74.803150F, 157
1448486174,48.845424,2.363658,76.115486F, 157
1448486175,48.845382,2.363725,78.740158F, 158
1448486176,48.845382,2.363725,78.740158F, 158
1448486177,48.845362,2.363760,79.396326F, 161
1448486178,48.845342,2.363796,79.396326F, 161
1448486179,48.845320,2.363831,80.052494F, 159
1448486180,48.845299,2.363866,80.708662F, 158
1448486181,48.845253,2.363946,80.708662F, 158
1448486182,48.845253,2.363946,80.708662F, 158
1448486183,48.845232,2.363987,80.708662F, 156
1448486184,48.845212,2.364020,80.708662F, 156
1448486185,48.845191,2.364056,80.708662F, 156
1448486186,48.845170,2.364093,80.052494F, 156
1448486187,48.845148,2.364125,80.708662F, 158
1448486188,48.845127,2.364159,81.364830F, 160
1448486189,48.845104,2.364184,82.677165F, 161
1448486190,48.845079,2.364209,82.677165F, 161
1448486191,48.845056,2.364235,82.020998F, 161
1448486192,48.845030,2.364261,81.364830F, 161
1448486193,48.845004,2.364280,82.020998F, 161
1448486194,48.844976,2.364297,83.333333F, 159
1448486195,48.844947,2.364310,83.333333F, 160
1448486196,48.844918,2.364324,84.645669F, 159
1448486197,48.844889,2.364343,85.301837F, 159
1448486198,48.844860,2.364359,84.645669F, 158
1448486199,48.844838,2.364374,83.989501F, 158
1448486200,48.844819,2.364383,83.333333F, 160
1448486201,48.844803,2.364386,82.677165F, 160
1448486202,48.844788,2.364391,82.677165F, 160
1448486203,48.844778,2.364397,82.677165F, 160
1448486204,48.844769,2.364403,82.677165F, 160
1448486205,48.844761,2.364408,82.677165F, 160
1448486206,48.844753,2.364416,83.989501F, 159
1448486207,48.844744,2.364424,83.989501F, 159
1448486208,48.844734,2.364433,84.645669F, 158
1448486209,48.844725,2.364441,84.645669F, 158
1448486210,48.844715,2.364449,84.645669F, 158
1448486211,48.844704,2.364464,83.333333F, 158
1448486212,48.844693,2.364479,81.364830F, 157
1448486213,48.844681,2.364489,81.364830F, 157
1448486214,48.844670,2.364501,80.708662F, 154
1448486215,48.844660,2.364511,80.708662F, 152
1448486216,48.844651,2.364521,80.708662F, 151
1448486217,48.844642,2.364535,80.708662F, 150
1448486218,48.844632,2.364544,82.020998F, 148
1448486219,48.844621,2.364550,83.989501F, 148
1448486220,48.844612,2.364559,85.301837F, 149
1448486221,48.844603,2.364568,85.301837F, 149
1448486222,48.844594,2.364581,84.645669F, 147
1448486223,48.844588,2.364593,86.614173F, 147
1448486224,48.844581,2.364607,88.582677F, 149
1448486225,48.844574,2.364619,89.238845F, 149
1448486226,48.844567,2.364631,91.207349F, 149
1448486227,48.844559,2.364646,93.832021F, 149
1448486228,48.844551,2.364659,95.800525F, 151
1448486229,48.844546,2.364677,97.112861F, 150
1448486230,48.844537,2.364694,99.737533F, 147
1448486231,48.844525,2.364712,101.706037F, 145
1448486232,48.844516,2.364739,102.362205F, 145
1448486233,48.844509,2.364755,103.018373F, 138
1448486234,48.844505,2.364775,103.674541F, 136
1448486235,48.844502,2.364794,103.674541F, 136
1448486236,48.844499,2.364814,104.330709F, 134
1448486237,48.844497,2.364834,103.674541F, 134
1448486238,48.844495,2.364849,103.018373F, 136
1448486239,48.844497,2.364865,104.330709F, 136
1448486240,48.844499,2.364883,104.986877F, 136
1448486241,48.844502,2.364898,105.643045F, 135
1448486242,48.844508,2.364911,106.299213F, 132
1448486243,48.844513,2.364925,107.611549F, 135
1448486244,48.844518,2.364940,108.923885F, 133
1448486245,48.844522,2.364954,109.580053F, 133
1448486246,48.844527,2.364969,108.923885F, 133
1448486247,48.844531,2.364984,108.267717F, 134
1448486248,48.844536,2.364996,108.267717F, 133
1448486249,48.844545,2.365008,105.643045F, 133
1448486250,48.844551,2.365025,105.643045F, 133
1448486251,48.844558,2.365040,104.986877F, 133
1448486252,48.844568,2.365055,103.018373F, 131
1448486253,48.844575,2.365068,103.018373F, 131
1448486254,48.844582,2.365080,103.018373F, 131
1448486255,48.844589,2.365098,104.330709F, 131
1448486256,48.844597,2.365112,103.674541F, 131
1448486257,48.844605,2.365127,103.674541F, 131
1448486258,48.844613,2.365141,103.018373F, 129
1448486259,48.844622,2.365154,103.018373F, 130
1448486260,48.844630,2.365167,102.362205F, 130
1448486261,48.844644,2.365189,103.018373F, 127
1448486262,48.844661,2.365223,102.362205F, 130
1448486263,48.844685,2.365275,103.674541F, 130
1448486264,48.844711,2.365330,103.018373F, 129
1448486265,48.844742,2.365387,103.018373F, 128
1448486266,48.844805,2.365508,103.674541F, 127
1448486267,48.844805,2.365508,103.674541F, 127
1448486268,48.844837,2.365567,104.986877F, 127
1448486269,48.844873,2.365627,106.955381F, 127
1448486270,48.844906,2.365682,108.923885F, 125
1448486271,48.844938,2.365738,110.892389F, 126
1448486272,48.844968,2.365795,111.548557F, 130
1448486273,48.844994,2.365849,111.548557F, 135
1448486274,48.845021,2.365905,112.860893F, 135
1448486275,48.845078,2.366018,114.173229F, 138
1448486276,48.845078,2.366018,114.173229F, 138
1448486277,48.845109,2.366072,114.829397F, 139
1448486278,48.845140,2.366123,114.829397F, 136
1448486279,48.845171,2.366177,113.517061F, 136
1448486280,48.845199,2.366232,112.860893F, 134
1448486281,48.845227,2.366286,113.517061F, 133
1448486282,48.845287,2.366390,112.204725F, 131
1448486283,48.845287,2.366390,112.204725F, 131
1448486284,48.845318,2.366443,112.860893F, 132
1448486285,48.845352,2.366497,112.860893F, 132
1448486286,48.845386,2.366553,112.204725F, 138
1448486287,48.845418,2.366611,112.860893F, 144
1448486288,48.845449,2.366666,113.517061F, 144
1448486289,48.845481,2.366719,111.548557F, 152
1448486290,48.845513,2.366773,111.548557F, 152
1448486291,48.845546,2.366823,110.892389F, 158
1448486292,48.845580,2.366869,112.204725F, 157
1448486293,48.845618,2.366909,111.548557F, 160
1448486294,48.845661,2.366939,110.892389F, 163
1448486295,48.845707,2.366959,110.892389F, 164
1448486296,48.845752,2.366967,110.892389F, 165
1448486297,48.845800,2.366968,110.892389F, 165
1448486298,48.845847,2.366958,110.236221F, 165
1448486299,48.845887,2.366937,109.580053F, 164
1448486300,48.845922,2.366912,109.580053F, 163
1448486301,48.845955,2.366888,108.923885F, 163
1448486302,48.845985,2.366871,108.267717F, 161
1448486303,48.846017,2.366868,108.267717F, 164
1448486304,48.846046,2.366885,107.611549F, 165
1448486305,48.846077,2.366908,106.299213F, 167
1448486306,48.846111,2.366927,105.643045F, 167
1448486307,48.846151,2.366936,104.330709F, 170
1448486308,48.846195,2.366937,102.362205F, 167
1448486309,48.846235,2.366932,101.049869F, 167
1448486310,48.846269,2.366921,99.737533F, 171
1448486311,48.846301,2.366907,94.488189F, 173
1448486312,48.846332,2.366894,89.895013F, 173
1448486313,48.846368,2.366880,87.926509F, 173
1448486314,48.846402,2.366864,83.989501F, 171
1448486315,48.846437,2.366855,83.333333F, 165
1448486316,48.846477,2.366854,82.677165F, 162
1448486317,48.846510,2.366847,80.708662F, 161
1448486318,48.846545,2.366850,80.052494F, 161
1448486319,48.846580,2.366856,76.115486F, 161
1448486320,48.846617,2.366871,72.834646F, 160
1448486321,48.846655,2.366888,72.178478F, 160
1448486322,48.846722,2.366934,70.866142F, 158
1448486323,48.846722,2.366934,70.866142F, 158
1448486324,48.846755,2.366953,70.866142F, 157
1448486325,48.846782,2.366972,69.553806F, 157
1448486326,48.846802,2.366990,68.241470F, 161
1448486327,48.846822,2.367001,70.209974F, 165
1448486328,48.846834,2.367011,68.897638F, 165
1448486329,48.846843,2.367027,67.585302F, 167
1448486330,48.846857,2.367038,68.241470F, 169
1448486331,48.846868,2.367054,67.585302F, 169
1448486332,48.846882,2.367066,68.897638F, 165
1448486333,48.846894,2.367073,69.553806F, 165
1448486334,48.846904,2.367081,69.553806F, 159
1448486335,48.846915,2.367095,68.897638F, 159
1448486336,48.846926,2.367118,67.585302F, 164
1448486337,48.846941,2.367133,69.553806F, 167
1448486338,48.846949,2.367145,67.585302F, 167
1448486339,48.846952,2.367162,67.585302F, 168
1448486340,48.846961,2.367175,69.553806F, 167
1448486341,48.846971,2.367182,70.866142F, 167
1448486342,48.846979,2.367191,70.209974F, 167
1448486343,48.846987,2.367197,70.866142F, 164
1448486344,48.846994,2.367204,70.866142F, 159
1448486345,48.847004,2.367211,72.178478F, 153
1448486346,48.847016,2.367218,74.146982F, 153
1448486347,48.847026,2.367225,74.803150F, 152
1448486348,48.847037,2.367228,76.115486F, 152
1448486349,48.847049,2.367240,77.427822F, 154
1448486350,48.847060,2.367245,78.083990F, 156
1448486351,48.847072,2.367255,78.083990F, 156
1448486352,48.847087,2.367271,77.427822F, 156
1448486353,48.847102,2.367277,76.115486F, 156
1448486354,48.847116,2.367283,75.459318F, 153
1448486355,48.847129,2.367292,72.834646F, 152
1448486356,48.847136,2.367297,68.897638F, 152
1448486357,48.847145,2.367296,67.585302F, 152
1448486358,48.847172,2.367299,70.866142F, 148
1448486359,48.847172,2.367299,70.866142F, 148
1448486360,48.847186,2.367300,72.178478F, 148
1448486361,48.847201,2.367301,73.490814F, 150
1448486362,48.847213,2.367307,74.146982F, 155
1448486363,48.847227,2.367313,75.459318F, 155
1448486364,48.847240,2.367317,76.115486F, 155
1448486365,48.847257,2.367324,78.083990F, 154
1448486366,48.847273,2.367331,78.740158F, 151
1448486367,48.847286,2.367338,79.396326F, 148
1448486368,48.847299,2.367342,81.364830F, 143
1448486369,48.847309,2.367342,82.020998F, 143
1448486370,48.847322,2.367341,82.677165F, 144
1448486371,48.847333,2.367340,83.333333F, 144
1448486372,48.847346,2.367342,83.333333F, 144
1448486373,48.847357,2.367347,82.020998F, 141
1448486374,48.847370,2.367353,82.677165F, 141
1448486375,48.847379,2.367361,82.020998F, 138
1448486376,48.847393,2.367362,83.989501F, 138
1448486377,48.847407,2.367361,87.270341F, 136
1448486378,48.847421,2.367364,87.926509F, 136
1448486379,48.847432,2.367369,87.926509F, 136
1448486380,48.847442,2.367378,87.270341F, 135
1448486381,48.847456,2.367386,86.614173F, 135
1448486382,48.847474,2.367394,87.270341F, 126
1448486383,48.847497,2.367402,87.926509F, 126
1448486384,48.847531,2.367416,87.270341F, 114
1448486385,48.847571,2.367439,87.270341F, 114
1448486386,48.847616,2.367467,87.926509F, 115
1448486387,48.847665,2.367488,87.926509F, 114
1448486388,48.847759,2.367534,89.895013F, 116
1448486389,48.847759,2.367534,89.895013F, 116
1448486390,48.847807,2.367559,89.895013F, 116
1448486391,48.847854,2.367571,92.519685F, 116
1448486392,48.847896,2.367582,97.112861F, 115
1448486393,48.847942,2.367597,98.425197F, 113
1448486394,48.847988,2.367612,98.425197F, 111
1448486395,48.848037,2.367628,99.081365F, 111
1448486396,48.848084,2.367645,99.081365F, 110
1448486397,48.848187,2.367695,96.456693F, 114
1448486398,48.848187,2.367695,96.456693F, 114
1448486399,48.848235,2.367716,95.144357F, 119
1448486400,48.848287,2.367740,95.144357F, 127
1448486401,48.848370,2.367795,94.488189F, 127
1448486402,48.848370,2.367795,94.488189F, 133
1448486403,48.848412,2.367819,92.519685F, 131
1448486404,48.848492,2.367870,88.582677F, 131
1448486405,48.848492,2.367870,88.582677F, 131
1448486406,48.848538,2.367892,87.926509F, 134
1448486407,48.848628,2.367934,84.645669F, 132
1448486408,48.848628,2.367934,84.645669F, 132
1448486409,48.848668,2.367961,82.020998F, 134
1448486410,48.848761,2.367977,88.582677F, 140
1448486411,48.848761,2.367977,88.582677F, 140
1448486412,48.848805,2.367987,91.207349F, 143
1448486413,48.848889,2.368039,94.488189F, 143
1448486414,48.848889,2.368039,94.488189F, 145
1448486415,48.848933,2.368059,95.800525F, 145
1448486416,48.849022,2.368100,99.081365F, 147
1448486417,48.849022,2.368100,99.081365F, 147
1448486418,48.849070,2.368120,95.144357F, 149
1448486419,48.849162,2.368159,95.144357F, 158
1448486420,48.849162,2.368159,95.144357F, 158
1448486421,48.849205,2.368174,94.488189F, 158
1448486422,48.849290,2.368205,92.519685F, 161
1448486423,48.849290,2.368205,92.519685F, 161
1448486424,48.849336,2.368221,95.144357F, 162
1448486425,48.849425,2.368258,95.800525F, 162
1448486426,48.849425,2.368258,95.800525F, 162
1448486427,48.849468,2.368279,95.800525F, 158
1448486428,48.849512,2.368300,94.488189F, 158
1448486429,48.849593,2.368341,93.175853F, 156
1448486430,48.849593,2.368341,93.175853F, 154
1448486431,48.849636,2.368360,95.144357F, 155
1448486432,48.849719,2.368387,94.488189F, 158
1448486433,48.849719,2.368387,94.488189F, 160
1448486434,48.849761,2.368404,95.800525F, 158
1448486435,48.849849,2.368445,98.425197F, 158
1448486436,48.849849,2.368445,98.425197F, 158
1448486437,48.849892,2.368464,99.737533F, 160
1448486438,48.849964,2.368503,101.706037F, 155
1448486439,48.849964,2.368503,101.706037F, 155
1448486440,48.849990,2.368513,101.049869F, 159
1448486441,48.850022,2.368530,101.706037F, 156
1448486442,48.850022,2.368530,101.706037F, 156
1448486443,48.850035,2.368537,101.049869F, 154
1448486444,48.850048,2.368541,100.393701F, 154
1448486445,48.850072,2.368545,99.081365F, 154
1448486446,48.850072,2.368545,99.081365F, 154
1448486447,48.850087,2.368547,98.425197F, 154
1448486448,48.850100,2.368550,97.769029F, 155
1448486449,48.850110,2.368554,95.800525F, 153
1448486450,48.850127,2.368564,93.175853F, 150
1448486451,48.850127,2.368564,93.175853F, 150
1448486452,48.850137,2.368572,91.863517F, 150
1448486453,48.850145,2.368580,89.895013F, 147
1448486454,48.850153,2.368585,88.582677F, 147
1448486455,48.850159,2.368586,85.958005F, 148
1448486456,48.850169,2.368587,85.301837F, 148
1448486457,48.850192,2.368595,84.645669F, 150
1448486458,48.850192,2.368595,84.645669F, 150
1448486459,48.850204,2.368603,85.958005F, 159
1448486460,48.850215,2.368607,86.614173F, 163
1448486461,48.850226,2.368611,86.614173F, 163
1448486462,48.850236,2.368614,85.301837F, 164
1448486463,48.850256,2.368632,82.677165F, 164
1448486464,48.850256,2.368632,82.677165F, 161
1448486465,48.850266,2.368638,82.020998F, 156
1448486466,48.850276,2.368645,81.364830F, 150
1448486467,48.850286,2.368650,81.364830F, 150
1448486468,48.850296,2.368657,81.364830F, 144
1448486469,48.850303,2.368664,80.052494F, 143
1448486470,48.850315,2.368671,80.708662F, 141
1448486471,48.850321,2.368676,79.396326F, 141
1448486472,48.850331,2.368684,78.740158F, 141
1448486473,48.850345,2.368694,79.396326F, 139
1448486474,48.850359,2.368704,80.708662F, 139
1448486475,48.850369,2.368713,80.052494F, 141
1448486476,48.850377,2.368717,80.708662F, 141
1448486477,48.850388,2.368719,81.364830F, 141
1448486478,48.850402,2.368727,80.708662F, 141
1448486479,48.850421,2.368738,80.708662F, 140
1448486480,48.850421,2.368738,80.708662F, 140
1448486481,48.850434,2.368740,81.364830F, 138
1448486482,48.850446,2.368744,81.364830F, 136
1448486483,48.850459,2.368746,82.020998F, 134
1448486484,48.850470,2.368752,81.364830F, 132
1448486485,48.850481,2.368756,82.020998F, 131
1448486486,48.850512,2.368753,83.989501F, 131
1448486487,48.850512,2.368753,83.989501F, 130
1448486488,48.850526,2.368750,84.645669F, 131
1448486489,48.850536,2.368750,85.301837F, 131
1448486490,48.850551,2.368754,87.270341F, 135
1448486491,48.850567,2.368758,89.238845F, 136
1448486492,48.850584,2.368764,89.895013F, 136
1448486493,48.850607,2.368775,89.895013F, 135
1448486494,48.850607,2.368775,89.895013F, 135
1448486495,48.850619,2.368779,89.238845F, 135
1448486496,48.850630,2.368784,87.926509F, 131
1448486497,48.850641,2.368785,87.270341F, 130
1448486498,48.850657,2.368791,88.582677F, 129
1448486499,48.850703,2.368799,87.926509F, 127
1448486500,48.850703,2.368799,87.926509F, 127
1448486501,48.850732,2.368813,87.926509F, 127
1448486502,48.850769,2.368833,88.582677F, 127
1448486503,48.850819,2.368872,87.926509F, 127
1448486504,48.850869,2.368898,88.582677F, 126
1448486505,48.850919,2.368917,88.582677F, 126
1448486506,48.851011,2.368952,89.895013F, 130
1448486507,48.851011,2.368952,89.895013F, 130
1448486508,48.851058,2.368978,89.895013F, 130
1448486509,48.851148,2.369025,87.926509F, 132
1448486510,48.851148,2.369025,87.926509F, 132
1448486511,48.851193,2.369053,87.926509F, 137
1448486512,48.851238,2.369078,89.895013F, 135
1448486513,48.851331,2.369120,93.832021F, 135
1448486514,48.851331,2.369120,93.832021F, 131
1448486515,48.851377,2.369138,95.144357F, 131
1448486516,48.851474,2.369165,96.456693F, 130
1448486517,48.851474,2.369165,96.456693F, 130
1448486518,48.851520,2.369180,96.456693F, 130
1448486519,48.851565,2.369195,97.769029F, 128
1448486520,48.851611,2.369211,99.737533F, 128
1448486521,48.851701,2.369243,103.018373F, 128
1448486522,48.851701,2.369243,103.018373F, 128
1448486523,48.851742,2.369259,103.018373F, 128
1448486524,48.851825,2.369298,103.018373F, 143
1448486525,48.851825,2.369298,103.018373F, 151
1448486526,48.851864,2.369318,100.393701F, 157
1448486527,48.851953,2.369346,98.425197F, 163
1448486528,48.851953,2.369346,98.425197F, 163
1448486529,48.851998,2.369340,99.081365F, 163
1448486530,48.852090,2.369313,101.049869F, 168
1448486531,48.852090,2.369313,101.049869F, 168
1448486532,48.852136,2.369300,102.362205F, 169
1448486533,48.852178,2.369295,103.018373F, 169
1448486534,48.852216,2.369289,103.018373F, 165
1448486535,48.852254,2.369278,101.049869F, 162
1448486536,48.852334,2.369254,99.081365F, 158
1448486537,48.852334,2.369254,99.081365F, 158
1448486538,48.852377,2.369238,99.737533F, 158
1448486539,48.852417,2.369212,101.706037F, 160
1448486540,48.852484,2.369111,106.955381F, 159
1448486541,48.852484,2.369111,106.955381F, 159
1448486542,48.852508,2.369049,110.892389F, 159
1448486543,48.852547,2.368897,116.797900F, 159
1448486544,48.852547,2.368897,116.797900F, 159
1448486545,48.852557,2.368825,120.734908F, 158
1448486546,48.852546,2.368690,125.328084F, 158
1448486547,48.852546,2.368690,125.328084F, 158
1448486548,48.852533,2.368628,127.296588F, 165
1448486549,48.852495,2.368507,133.858268F, 163
1448486550,48.852495,2.368507,133.858268F, 163
1448486551,48.852470,2.368446,135.170604F, 163
1448486552,48.852409,2.368334,134.514436F, 155
1448486553,48.852409,2.368334,134.514436F, 155
1448486554,48.852377,2.368282,133.858268F, 159
1448486555,48.852308,2.368185,134.514436F, 169
1448486556,48.852308,2.368185,134.514436F, 169
1448486557,48.852270,2.368143,133.202100F, 169
1448486558,48.852227,2.368101,132.545932F, 172
1448486559,48.852139,2.368040,133.202100F, 174
1448486560,48.852139,2.368040,133.202100F, 174
1448486561,48.852095,2.368016,133.202100F, 174
1448486562,48.852052,2.367994,131.233596F, 177
1448486563,48.852007,2.367977,129.921260F, 176
1448486564,48.851965,2.367958,129.921260F, 176
1448486565,48.851884,2.367918,127.296588F, 168
1448486566,48.851884,2.367918,127.296588F, 168
1448486567,48.851846,2.367893,124.015748F, 168
1448486568,48.851775,2.367850,117.454068F, 174
1448486569,48.851775,2.367850,117.454068F, 174
1448486570,48.851740,2.367825,114.173229F, 174
1448486571,48.851658,2.367790,110.236221F, 167
1448486572,48.851658,2.367790,110.236221F, 167
1448486573,48.851615,2.367774,108.923885F, 167
1448486574,48.851532,2.367735,105.643045F, 166
1448486575,48.851532,2.367735,105.643045F, 166
1448486576,48.851497,2.367716,103.674541F, 167
1448486577,48.851426,2.367684,97.769029F, 168
1448486578,48.851426,2.367684,97.769029F, 168
1448486579,48.851390,2.367672,97.112861F, 167
1448486580,48.851321,2.367640,92.519685F, 159
1448486581,48.851284,2.367624,89.895013F, 159
1448486582,48.851284,2.367624,89.895013F, 157
1448486583,48.851247,2.367610,88.582677F, 156
1448486584,48.851170,2.367572,87.270341F, 158
1448486585,48.851170,2.367572,87.270341F, 158
1448486586,48.851132,2.367553,87.270341F, 158
1448486587,48.851060,2.367514,87.270341F, 164
1448486588,48.851060,2.367514,87.270341F, 164
1448486589,48.851026,2.367496,85.958005F, 164
1448486590,48.850990,2.367483,86.614173F, 169
1448486591,48.850921,2.367450,85.301837F, 177
1448486592,48.850921,2.367450,85.301837F, 177
1448486593,48.850885,2.367438,83.989501F, 177
1448486594,48.850819,2.367414,79.396326F, 179
1448486595,48.850819,2.367414,79.396326F, 179
1448486596,48.850789,2.367395,78.083990F, 185
1448486597,48.850760,2.367371,76.771654F, 187
1448486598,48.850694,2.367317,73.490814F, 192
1448486599,48.850694,2.367317,73.490814F, 192
1448486600,48.850664,2.367301,70.866142F, 188
1448486601,48.850605,2.367245,72.178478F, 186
1448486602,48.850605,2.367245,72.178478F, 186
1448486603,48.850571,2.367234,68.897638F, 182
1448486604,48.850498,2.367196,61.679790F, 183
1448486605,48.850498,2.367196,61.679790F, 183
1448486606,48.850460,2.367174,56.430446F, 186
1448486607,48.850379,2.367128,50.524934F, 187
1448486608,48.850379,2.367128,50.524934F, 186
1448486609,48.850340,2.367112,47.900263F, 182
1448486610,48.850258,2.367072,43.307087F, 180
1448486611,48.850258,2.367072,43.307087F, 180
1448486612,48.850214,2.367051,41.994751F, 182
1448486613,48.850173,2.367015,40.682415F, 182
1448486614,48.850093,2.366969,36.089239F, 184
1448486615,48.850093,2.366969,36.089239F, 184
1448486616,48.850055,2.366948,32.152231F, 184
1448486617,48.850022,2.366887,32.808399F, 182
1448486618,48.849953,2.366819,34.776903F, 180
1448486619,48.849953,2.366819,34.776903F, 180
1448486620,48.849920,2.366808,36.089239F, 180
1448486621,48.849877,2.366758,42.650919F, 179
1448486622,48.849877,2.366758,42.650919F, 179
1448486623,48.849848,2.366736,49.212598F, 179
1448486624,48.849824,2.366729,50.524934F, 179
1448486625,48.849803,2.366708,53.805774F, 179
1448486626,48.849768,2.366704,58.398950F, 176
1448486627,48.849768,2.366704,58.398950F, 176
1448486628,48.849750,2.366704,59.055118F, 182
1448486629,48.849732,2.366705,61.679790F, 182
1448486630,48.849721,2.366685,65.616798F, 179
1448486631,48.849712,2.366663,69.553806F, 176
1448486632,48.849699,2.366641,72.834646F, 176
1448486633,48.849671,2.366617,78.740158F, 175
1448486634,48.849671,2.366617,78.740158F, 175
1448486635,48.849653,2.366616,80.708662F, 175
1448486636,48.849614,2.366622,83.989501F, 172
1448486637,48.849614,2.366622,83.989501F, 172
1448486638,48.849586,2.366637,84.645669F, 172
1448486639,48.849543,2.366642,89.238845F, 170
1448486640,48.849520,2.366646,90.551181F, 169
1448486641,48.849520,2.366646,90.551181F, 169
1448486642,48.849500,2.366649,92.519685F, 167
1448486643,48.849483,2.366657,94.488189F, 167
1448486644,48.849451,2.366668,95.800525F, 169
1448486645,48.849451,2.366668,95.800525F, 169
1448486646,48.849437,2.366673,95.144357F, 169
1448486647,48.849421,2.366672,93.832021F, 169
1448486648,48.849405,2.366672,93.832021F, 169
1448486649,48.849388,2.366664,93.175853F, 169
1448486650,48.849351,2.366648,98.425197F, 159
1448486651,48.849351,2.366648,98.425197F, 159
1448486652,48.849335,2.366645,99.737533F, 156
1448486653,48.849321,2.366640,99.737533F, 156
1448486654,48.849310,2.366632,99.737533F, 151
1448486655,48.849299,2.366625,99.081365F, 148
1448486656,48.849286,2.366616,99.737533F, 148
1448486657,48.849270,2.366609,101.706037F, 146
1448486658,48.849255,2.366604,102.362205F, 144
1448486659,48.849238,2.366598,104.330709F, 142
1448486660,48.849206,2.366587,106.299213F, 137
1448486661,48.849206,2.366587,106.299213F, 137
1448486662,48.849191,2.366581,106.299213F, 137
1448486663,48.849178,2.366576,106.955381F, 137
1448486664,48.849165,2.366573,106.299213F, 137
1448486665,48.849149,2.366570,106.955381F, 141
1448486666,48.849134,2.366565,106.955381F, 142
1448486667,48.849121,2.366560,107.611549F, 143
1448486668,48.849108,2.366555,107.611549F, 145
1448486669,48.849097,2.366553,106.955381F, 145
1448486670,48.849087,2.366545,108.923885F, 146
1448486671,48.849080,2.366535,108.267717F, 146
1448486672,48.849072,2.366526,108.267717F, 147
1448486673,48.849048,2.366517,109.580053F, 145
1448486674,48.849048,2.366517,109.580053F, 145
1448486675,48.849036,2.366511,112.204725F, 145
1448486676,48.849021,2.366505,113.517061F, 145
1448486677,48.849009,2.366505,114.829397F, 143
1448486678,48.848997,2.366504,116.141732F, 142
1448486679,48.848982,2.366507,116.797900F, 142
1448486680,48.848963,2.366504,116.797900F, 143
1448486681,48.848910,2.366490,114.829397F, 142
1448486682,48.848910,2.366490,114.829397F, 142
1448486683,48.848879,2.366479,112.860893F, 140
1448486684,48.848846,2.366468,110.892389F, 140
1448486685,48.848811,2.366456,109.580053F, 138
1448486686,48.848776,2.366439,108.267717F, 135
1448486687,48.848740,2.366424,107.611549F, 131
1448486688,48.848708,2.366408,106.299213F, 127
1448486689,48.848677,2.366397,104.330709F, 127
1448486690,48.848612,2.366374,101.049869F, 125
1448486691,48.848612,2.366374,101.049869F, 125
1448486692,48.848584,2.366358,99.081365F, 131
1448486693,48.848557,2.366346,96.456693F, 134
1448486694,48.848529,2.366329,94.488189F, 134
1448486695,48.848465,2.366298,86.614173F, 131
1448486696,48.848465,2.366298,86.614173F, 131
1448486697,48.848430,2.366284,84.645669F, 131
1448486698,48.848397,2.366270,83.333333F, 128
1448486699,48.848329,2.366232,77.427822F, 131
1448486700,48.848329,2.366232,77.427822F, 131
1448486701,48.848293,2.366207,77.427822F, 139
1448486702,48.848260,2.366190,74.803150F, 139
1448486703,48.848225,2.366168,72.834646F, 147
1448486704,48.848164,2.366132,66.929134F, 148
1448486705,48.848164,2.366132,66.929134F, 148
1448486706,48.848135,2.366119,62.992126F, 148
1448486707,48.848078,2.366090,57.086614F, 149
1448486708,48.848078,2.366090,57.086614F, 149
1448486709,48.848048,2.366073,53.149606F, 150
1448486710,48.848017,2.366053,52.493438F, 151
1448486711,48.847958,2.366022,43.963255F, 151
1448486712,48.847958,2.366022,43.963255F, 151
1448486713,48.847929,2.366007,38.057743F, 151
1448486714,48.847901,2.365989,34.120735F, 151
1448486715,48.847842,2.365937,29.527559F, 150
1448486716,48.847842,2.365937,29.527559F, 150
1448486717,48.847812,2.365920,27.559055F, 151
1448486718,48.847784,2.365900,26.902887F, 151
1448486719,48.847753,2.365880,28.215223F, 152
1448486720,48.847694,2.365834,31.496063F, 151
1448486721,48.847694,2.365834,31.496063F, 151
1448486722,48.847670,2.365801,34.120735F, 151
1448486723,48.847651,2.365754,39.370079F, 150
1448486724,48.847644,2.365695,45.275591F, 150
1448486725,48.847648,2.365636,50.524934F, 150
1448486726,48.847659,2.365582,53.805774F, 154
1448486727,48.847671,2.365537,55.118110F, 154
1448486728,48.847696,2.365450,56.430446F, 157
1448486729,48.847696,2.365450,56.430446F, 157
1448486730,48.847712,2.365416,57.086614F, 157
1448486731,48.847729,2.365384,56.430446F, 157
1448486732,48.847748,2.365355,57.086614F, 157
1448486733,48.847772,2.365319,59.711286F, 158
1448486734,48.847793,2.365294,59.711286F, 158
1448486735,48.847821,2.365273,59.055118F, 157
1448486736,48.847846,2.365248,57.742782F, 157
1448486737,48.847878,2.365225,57.086614F, 159
1448486738,48.847910,2.365210,55.118110F, 158
1448486739,48.847979,2.365183,57.086614F, 160
1448486740,48.847979,2.365183,57.086614F, 160
1448486741,48.848018,2.365174,58.398950F, 161
1448486742,48.848080,2.365174,61.023622F, 161
1448486743,48.848080,2.365174,61.023622F, 161
1448486744,48.848109,2.365171,61.023622F, 163
1448486745,48.848146,2.365171,64.304462F, 165
1448486746,48.848201,2.365168,72.834646F, 164
1448486747,48.848201,2.365168,72.834646F, 164
1448486748,48.848233,2.365172,73.490814F, 163
1448486749,48.848258,2.365164,71.522310F, 163
1448486750,48.848273,2.365134,74.803150F, 162
1448486751,48.848292,2.365129,78.083990F, 162
1448486752,48.848320,2.365114,78.740158F, 165
1448486753,48.848345,2.365097,78.083990F, 166
1448486754,48.848377,2.365067,78.083990F, 168
1448486755,48.848431,2.365010,78.083990F, 167
1448486756,48.848431,2.365010,78.083990F, 167
1448486757,48.848455,2.364983,76.115486F, 166
1448486758,48.848504,2.364930,66.929134F, 165
1448486759,48.848504,2.364930,66.929134F, 165
1448486760,48.848526,2.364905,62.335958F, 165
1448486761,48.848570,2.364841,52.493438F, 164
1448486762,48.848570,2.364841,52.493438F, 164
1448486763,48.848587,2.364809,49.212598F, 164
1448486764,48.848602,2.364777,45.931759F, 164
1448486765,48.848614,2.364725,40.682415F, 164
1448486766,48.848633,2.364677,34.120735F, 164
1448486767,48.848670,2.364615,34.776903F, 165
1448486768,48.848708,2.364559,34.120735F, 165
1448486769,48.848778,2.364528,35.433071F, 163
1448486770,48.848778,2.364528,35.433071F, 163
1448486771,48.848818,2.364504,36.745407F, 163
1448486772,48.848887,2.364471,36.089239F, 164
1448486773,48.848887,2.364471,36.089239F, 164
1448486774,48.848920,2.364450,33.464567F, 164
1448486775,48.848949,2.364422,34.120735F, 164
1448486776,48.848979,2.364391,33.464567F, 163
1448486777,48.849014,2.364364,35.433071F, 163
1448486778,48.849064,2.364302,31.496063F, 164
1448486779,48.849064,2.364302,31.496063F, 164
1448486780,48.849089,2.364277,30.183727F, 163
1448486781,48.849140,2.364216,25.590551F, 163
1448486782,48.849140,2.364216,25.590551F, 163
1448486783,48.849173,2.364191,26.246719F, 163
1448486784,48.849198,2.364162,25.590551F, 163
1448486785,48.849227,2.364126,24.278215F, 163
1448486786,48.849253,2.364100,24.934383F, 164
1448486787,48.849277,2.364072,26.246719F, 164
1448486788,48.849308,2.364047,27.559055F, 164
1448486789,48.849341,2.364015,26.902887F, 164
1448486790,48.849371,2.363975,23.622047F, 164
1448486791,48.849419,2.363887,19.685039F, 162
1448486792,48.849419,2.363887,19.685039F, 162
1448486793,48.849445,2.363841,18.372703F, 163
1448486794,48.849469,2.363797,15.748032F, 162
1448486795,48.849523,2.363713,12.467192F, 164
1448486796,48.849523,2.363713,12.467192F, 164
1448486797,48.849557,2.363672,13.123360F, 163
1448486798,48.849616,2.363599,11.811024F, 163
1448486799,48.849616,2.363599,11.811024F, 163
1448486800,48.849618,2.363531,20.341207F, 160
1448486801,48.849672,2.363458,22.965879F, 156
1448486802,48.849672,2.363458,22.965879F, 156
1448486803,48.849702,2.363426,24.278215F, 156
1448486804,48.849732,2.363394,23.622047F, 158
1448486805,48.849791,2.363315,29.527559F, 160
1448486806,48.849791,2.363315,29.527559F, 160
1448486807,48.849815,2.363276,31.496063F, 164
1448486808,48.849868,2.363186,37.401575F, 165
1448486809,48.849868,2.363186,37.401575F, 165
1448486810,48.849910,2.363152,44.619423F, 165
1448486811,48.849959,2.363120,53.805774F, 165
1448486812,48.849995,2.363077,57.086614F, 165
1448486813,48.850039,2.362976,69.553806F, 165
1448486814,48.850039,2.362976,69.553806F, 165
1448486815,48.850071,2.362940,70.209974F, 165
1448486816,48.850106,2.362903,71.522310F, 160
1448486817,48.850142,2.362870,72.834646F, 158
1448486818,48.850209,2.362806,73.490814F, 161
1448486819,48.850209,2.362806,73.490814F, 161
1448486820,48.850249,2.362781,78.740158F, 164
1448486821,48.850283,2.362751,81.364830F, 165
1448486822,48.850327,2.362730,84.645669F, 165
1448486823,48.850457,2.362739,84.645669F, 164
1448486824,48.850457,2.362739,84.645669F, 164
1448486825,48.850502,2.362720,85.958005F, 164
1448486826,48.850544,2.362696,85.958005F, 164
1448486827,48.850580,2.362666,86.614173F, 164
1448486828,48.850642,2.362614,87.926509F, 165
1448486829,48.850642,2.362614,87.926509F, 165
1448486830,48.850668,2.362587,89.895013F, 165
1448486831,48.850700,2.362558,93.175853F, 165
1448486832,48.850771,2.362498,99.737533F, 165
1448486833,48.850771,2.362498,99.737533F, 165
1448486834,48.850809,2.362468,103.018373F, 164
1448486835,48.850850,2.362443,110.236221F, 164
1448486836,48.850891,2.362418,118.110236F, 165
1448486837,48.850921,2.362394,120.734908F, 165
1448486838,48.850944,2.362372,124.015748F, 165
1448486839,48.850964,2.362357,129.265092F, 165
1448486840,48.850973,2.362344,129.921260F, 163
1448486841,48.850983,2.362330,129.921260F, 162
1448486842,48.850995,2.362315,131.889764F, 162
1448486843,48.851003,2.362298,131.889764F, 162
1448486844,48.851011,2.362280,131.233596F, 163
1448486845,48.851025,2.362266,134.514436F, 163
1448486846,48.851050,2.362239,141.732284F, 163
1448486847,48.851050,2.362239,141.732284F, 163
1448486848,48.851060,2.362224,144.356956F, 163
1448486849,48.851067,2.362205,145.669292F, 163
1448486850,48.851075,2.362187,145.669292F, 163
1448486851,48.851087,2.362174,146.325460F, 163
1448486852,48.851097,2.362159,147.637796F, 161
1448486853,48.851108,2.362145,148.950131F, 161
1448486854,48.851119,2.362131,151.574803F, 162
1448486855,48.851127,2.362115,153.543307F, 163
1448486856,48.851131,2.362090,155.511811F, 163
1448486857,48.851140,2.362075,159.448819F, 162
1448486858,48.851144,2.362059,160.104987F, 159
1448486859,48.851146,2.362045,162.073491F, 159
1448486860,48.851149,2.362031,166.010499F, 153
1448486861,48.851150,2.362019,167.322835F, 153
1448486862,48.851152,2.362008,168.635171F, 154
1448486863,48.851147,2.361986,169.947507F, 152
1448486864,48.851146,2.361973,169.947507F, 153
1448486865,48.851145,2.361960,170.603675F, 152
1448486866,48.851141,2.361939,171.916011F, 148
1448486867,48.851139,2.361922,170.603675F, 148
1448486868,48.851127,2.361890,171.259843F, 151
1448486869,48.851121,2.361872,170.603675F, 151
1448486870,48.851115,2.361856,170.603675F, 154
1448486871,48.851109,2.361838,170.603675F, 154
1448486872,48.851097,2.361811,171.259843F, 151
1448486873,48.851090,2.361790,171.259843F, 150
1448486874,48.851085,2.361772,170.603675F, 148
1448486875,48.851077,2.361744,169.947507F, 148
1448486876,48.851050,2.361700,162.073491F, 147
1448486877,48.851050,2.361700,162.073491F, 147
1448486878,48.851043,2.361678,160.761155F, 147
1448486879,48.851046,2.361655,160.104987F, 143
1448486880,48.851050,2.361634,157.480315F, 144
1448486881,48.851056,2.361617,155.511811F, 144
1448486882,48.851058,2.361603,151.574803F, 140
1448486883,48.851061,2.361595,148.293963F, 140
1448486884,48.851062,2.361585,145.013124F, 142
1448486885,48.851067,2.361569,143.044620F, 142
1448486886,48.851059,2.361530,136.482940F, 140
1448486887,48.851038,2.361486,125.984252F, 138
1448486888,48.851016,2.361436,120.078740F, 138
1448486889,48.850969,2.361299,116.141732F, 137
1448486890,48.850969,2.361299,116.141732F, 137
1448486891,48.850938,2.361226,112.204725F, 137
1448486892,48.850911,2.361151,110.236221F, 136
1448486893,48.850869,2.360989,109.580053F, 136
1448486894,48.850869,2.360989,109.580053F, 136
1448486895,48.850848,2.360910,109.580053F, 136
1448486896,48.850823,2.360831,108.923885F, 140
1448486897,48.850799,2.360756,108.267717F, 142
1448486898,48.850752,2.360615,106.299213F, 144
1448486899,48.850752,2.360615,106.299213F, 144
1448486900,48.850727,2.360546,106.955381F, 143
1448486901,48.850705,2.360477,106.955381F, 146
1448486902,48.850660,2.360337,106.955381F, 142
1448486903,48.850660,2.360337,106.955381F, 142
1448486904,48.850640,2.360272,108.267717F, 140
1448486905,48.850626,2.360215,109.580053F, 140
1448486906,48.850619,2.360164,110.236221F, 151
1448486907,48.850619,2.360121,110.236221F, 149
1448486908,48.850625,2.360087,109.580053F, 158
1448486909,48.850662,2.360052,108.267717F, 163
1448486910,48.850662,2.360052,108.267717F, 163
1448486911,48.850689,2.360055,106.299213F, 170
1448486912,48.850718,2.360060,106.299213F, 170
1448486913,48.850747,2.360068,104.330709F, 168
1448486914,48.850777,2.360072,104.986877F, 167
1448486915,48.850806,2.360074,103.674541F, 167
1448486916,48.850838,2.360076,103.018373F, 164
1448486917,48.850900,2.360087,101.049869F, 163
1448486918,48.850900,2.360087,101.049869F, 163
1448486919,48.850932,2.360090,99.737533F, 163
1448486920,48.850962,2.360100,99.737533F, 163
1448486921,48.850994,2.360103,98.425197F, 165
1448486922,48.851027,2.360104,95.800525F, 166
1448486923,48.851059,2.360092,95.144357F, 166
1448486924,48.851089,2.360077,94.488189F, 166
1448486925,48.851118,2.360059,95.144357F, 166
1448486926,48.851147,2.360041,93.832021F, 166
1448486927,48.851173,2.360022,93.175853F, 166
1448486928,48.851197,2.360001,91.863517F, 165
1448486929,48.851221,2.359972,91.207349F, 164
1448486930,48.851247,2.359942,88.582677F, 164
1448486931,48.851272,2.359915,87.270341F, 164
1448486932,48.851319,2.359865,85.301837F, 165
1448486933,48.851319,2.359865,85.301837F, 165
1448486934,48.851340,2.359838,83.989501F, 164
1448486935,48.851362,2.359808,83.333333F, 164
1448486936,48.851385,2.359777,82.677165F, 164
1448486937,48.851409,2.359748,81.364830F, 163
1448486938,48.851431,2.359720,81.364830F, 163
1448486939,48.851466,2.359672,78.083990F, 164
1448486940,48.851466,2.359672,78.083990F, 164
1448486941,48.851482,2.359643,77.427822F, 164
1448486942,48.851498,2.359607,76.115486F, 164
1448486943,48.851534,2.359543,73.490814F, 163
1448486944,48.851534,2.359543,73.490814F, 163
1448486945,48.851555,2.359509,74.146982F, 161
1448486946,48.851577,2.359474,73.490814F, 161
1448486947,48.851617,2.359403,70.209974F, 160
1448486948,48.851617,2.359403,70.209974F, 160
1448486949,48.851634,2.359364,68.241470F, 160
1448486950,48.851652,2.359322,67.585302F, 161
1448486951,48.851669,2.359281,66.929134F, 161
1448486952,48.851682,2.359242,65.616798F, 161
1448486953,48.851694,2.359203,64.304462F, 162
1448486954,48.851707,2.359162,62.992126F, 161
1448486955,48.851720,2.359122,61.679790F, 161
1448486956,48.851735,2.359082,61.023622F, 161
1448486957,48.851767,2.359004,62.992126F, 159
1448486958,48.851767,2.359004,62.992126F, 159
1448486959,48.851782,2.358961,61.679790F, 159
1448486960,48.851797,2.358920,62.335958F, 159
1448486961,48.851807,2.358877,59.711286F, 159
1448486962,48.851820,2.358837,59.711286F, 159
1448486963,48.851837,2.358794,60.367454F, 161
1448486964,48.851879,2.358704,64.304462F, 162
1448486965,48.851879,2.358704,64.304462F, 162
1448486966,48.851898,2.358656,66.272966F, 162
1448486967,48.851919,2.358609,69.553806F, 162
1448486968,48.851962,2.358519,72.834646F, 162
1448486969,48.851962,2.358519,72.834646F, 162
1448486970,48.851983,2.358476,74.803150F, 163
1448486971,48.852002,2.358431,75.459318F, 162
1448486972,48.852035,2.358343,76.771654F, 164
1448486973,48.852035,2.358343,76.771654F, 164
1448486974,48.852049,2.358302,75.459318F, 164
1448486975,48.852063,2.358263,76.771654F, 164
1448486976,48.852075,2.358222,75.459318F, 164
1448486977,48.852086,2.358181,74.146982F, 164
1448486978,48.852109,2.358099,70.866142F, 164
1448486979,48.852109,2.358099,70.866142F, 164
1448486980,48.852117,2.358057,69.553806F, 164
1448486981,48.852123,2.358017,66.272966F, 165
1448486982,48.852129,2.357974,63.648294F, 165
1448486983,48.852138,2.357932,62.992126F, 164
1448486984,48.852146,2.357893,61.679790F, 164
1448486985,48.852155,2.357852,58.398950F, 164
1448486986,48.852165,2.357811,57.742782F, 163
1448486987,48.852175,2.357769,55.774278F, 163
1448486988,48.852190,2.357725,57.086614F, 163
1448486989,48.852203,2.357634,55.118110F, 163
1448486990,48.852203,2.357634,55.118110F, 163
1448486991,48.852211,2.357590,55.118110F, 163
1448486992,48.852220,2.357548,55.774278F, 163
1448486993,48.852233,2.357508,55.774278F, 163
1448486994,48.852250,2.357467,56.430446F, 163
1448486995,48.852263,2.357425,55.118110F, 163
1448486996,48.852289,2.357339,56.430446F, 162
1448486997,48.852289,2.357339,56.430446F, 162
1448486998,48.852300,2.357296,55.774278F, 162
1448486999,48.852313,2.357253,55.774278F, 162
1448487000,48.852320,2.357205,53.149606F, 162
1448487001,48.852342,2.357159,58.398950F, 161
1448487002,48.852373,2.357114,64.960630F, 160
1448487003,48.852392,2.357067,66.272966F, 160
1448487004,48.852412,2.357017,68.241470F, 156
1448487005,48.852436,2.356965,68.241470F, 154
1448487006,48.852455,2.356906,69.553806F, 155
1448487007,48.852481,2.356841,70.866142F, 155
1448487008,48.852507,2.356781,70.866142F, 163
1448487009,48.852533,2.356716,70.209974F, 166
1448487010,48.852582,2.356575,67.585302F, 167
1448487011,48.852582,2.356575,67.585302F, 167
1448487012,48.852604,2.356505,66.929134F, 167
1448487013,48.852628,2.356437,64.960630F, 168
1448487014,48.852654,2.356370,63.648294F, 168
1448487015,48.852678,2.356303,64.960630F, 168
1448487016,48.852729,2.356170,64.960630F, 168
1448487017,48.852729,2.356170,64.960630F, 168
1448487018,48.852749,2.356102,63.648294F, 167
1448487019,48.852772,2.356035,63.648294F, 167
1448487020,48.852810,2.355908,62.335958F, 167
1448487021,48.852810,2.355908,62.335958F, 167
1448487022,48.852832,2.355845,61.679790F, 167
1448487023,48.852852,2.355783,60.367454F, 168
1448487024,48.852884,2.355656,56.430446F, 164
1448487025,48.852884,2.355656,56.430446F, 164
1448487026,48.852903,2.355594,54.461942F, 164
1448487027,48.852921,2.355533,53.149606F, 164
1448487028,48.852960,2.355408,51.837270F, 169
1448487029,48.852960,2.355408,51.837270F, 169
1448487030,48.852986,2.355342,53.805774F, 169
1448487031,48.853004,2.355276,51.181102F, 166
1448487032,48.853052,2.355136,54.461942F, 162
1448487033,48.853052,2.355136,54.461942F, 162
1448487034,48.853073,2.355070,53.149606F, 163
1448487035,48.853094,2.355008,51.181102F, 165
1448487036,48.853111,2.354945,48.556431F, 167
1448487037,48.853126,2.354881,45.275591F, 169
1448487038,48.853152,2.354760,38.713911F, 169
1448487039,48.853152,2.354760,38.713911F, 169
1448487040,48.853170,2.354700,38.713911F, 169
1448487041,48.853188,2.354639,38.713911F, 170
1448487042,48.853221,2.354523,36.089239F, 174
1448487043,48.853221,2.354523,36.089239F, 174
1448487044,48.853236,2.354467,35.433071F, 175
1448487045,48.853251,2.354413,33.464567F, 175
1448487046,48.853267,2.354362,34.120735F, 175
1448487047,48.853290,2.354264,30.183727F, 179
1448487048,48.853290,2.354264,30.183727F, 179
1448487049,48.853301,2.354223,28.215223F, 179
1448487050,48.853308,2.354190,26.902887F, 173
1448487051,48.853317,2.354162,27.559055F, 169
1448487052,48.853326,2.354139,26.902887F, 167
1448487053,48.853332,2.354119,28.215223F, 167
1448487054,48.853341,2.354097,35.433071F, 167
1448487055,48.853355,2.354081,42.650919F, 168
1448487056,48.853362,2.354066,51.181102F, 168
1448487057,48.853364,2.354052,55.118110F, 172
1448487058,48.853370,2.354036,61.679790F, 172
1448487059,48.853368,2.354018,65.616798F, 174
1448487060,48.853363,2.354002,68.897638F, 173
1448487061,48.853354,2.353984,70.209974F, 173
1448487062,48.853343,2.353968,70.866142F, 172
1448487063,48.853337,2.353950,72.178478F, 172
1448487064,48.853332,2.353940,74.146982F, 172
1448487065,48.853330,2.353930,75.459318F, 171
1448487066,48.853320,2.353915,76.771654F, 172
1448487067,48.853311,2.353901,76.771654F, 172
1448487068,48.853301,2.353885,77.427822F, 172
1448487069,48.853293,2.353868,77.427822F, 174
1448487070,48.853285,2.353854,78.083990F, 173
1448487071,48.853273,2.353839,80.052494F, 173
1448487072,48.853262,2.353829,79.396326F, 173
1448487073,48.853250,2.353820,79.396326F, 168
1448487074,48.853240,2.353803,80.708662F, 168
1448487075,48.853227,2.353795,80.052494F, 168
1448487076,48.853216,2.353785,81.364830F, 168
1448487077,48.853208,2.353770,82.020998F, 168
1448487078,48.853198,2.353755,82.677165F, 169
1448487079,48.853189,2.353743,82.020998F, 169
1448487080,48.853180,2.353731,82.020998F, 164
1448487081,48.853168,2.353719,83.333333F, 160
1448487082,48.853156,2.353703,85.958005F, 160
1448487083,48.853148,2.353685,87.270341F, 160
1448487084,48.853143,2.353665,87.270341F, 157
1448487085,48.853132,2.353651,88.582677F, 157
1448487086,48.853122,2.353638,89.238845F, 153
1448487087,48.853113,2.353625,89.895013F, 152
1448487088,48.853105,2.353618,89.895013F, 152
1448487089,48.853092,2.353613,89.238845F, 150
1448487090,48.853079,2.353605,87.926509F, 150
1448487091,48.853062,2.353612,86.614173F, 155
1448487092,48.853053,2.353607,85.301837F, 154
1448487093,48.853048,2.353594,85.301837F, 154
1448487094,48.853039,2.353583,84.645669F, 146
1448487095,48.853026,2.353578,84.645669F, 146
1448487096,48.853004,2.353587,85.301837F, 139
1448487097,48.852965,2.353589,87.926509F, 137
1448487098,48.852965,2.353589,87.926509F, 137
1448487099,48.852949,2.353581,89.895013F, 134
1448487100,48.852938,2.353569,91.207349F, 137
1448487101,48.852930,2.353556,91.863517F, 137
1448487102,48.852923,2.353537,95.144357F, 137
1448487103,48.852914,2.353509,97.112861F, 138
1448487104,48.852908,2.353479,97.112861F, 137
1448487105,48.852902,2.353462,97.112861F, 137
1448487106,48.852895,2.353446,95.800525F, 137
1448487107,48.852885,2.353418,93.832021F, 137
1448487108,48.852863,2.353357,92.519685F, 129
1448487109,48.852863,2.353357,92.519685F, 129
1448487110,48.852842,2.353330,93.832021F, 125
1448487111,48.852816,2.353311,94.488189F, 125
1448487112,48.852786,2.353300,94.488189F, 127
1448487113,48.852754,2.353305,93.832021F, 127
1448487114,48.852721,2.353311,94.488189F, 125
1448487115,48.852652,2.353323,94.488189F, 128
1448487116,48.852652,2.353323,94.488189F, 128
1448487117,48.852617,2.353339,94.488189F, 129
1448487118,48.852581,2.353359,94.488189F, 130
1448487119,48.852513,2.353395,93.832021F, 131
1448487120,48.852513,2.353395,93.832021F, 131
1448487121,48.852480,2.353419,94.488189F, 131
1448487122,48.852450,2.353449,92.519685F, 133
1448487123,48.852418,2.353473,93.175853F, 135
1448487124,48.852353,2.353526,92.519685F, 136
1448487125,48.852353,2.353526,92.519685F, 136
1448487126,48.852321,2.353550,92.519685F, 136
1448487127,48.852289,2.353574,93.175853F, 137
1448487128,48.852258,2.353605,91.207349F, 137
1448487129,48.852226,2.353634,91.207349F, 138
1448487130,48.852193,2.353658,91.863517F, 138
1448487131,48.852132,2.353707,91.863517F, 139
1448487132,48.852132,2.353707,91.863517F, 139
1448487133,48.852103,2.353736,92.519685F, 140
1448487134,48.852073,2.353765,91.863517F, 141
1448487135,48.852013,2.353823,90.551181F, 141
1448487136,48.852013,2.353823,90.551181F, 141
1448487137,48.851982,2.353854,90.551181F, 141
1448487138,48.851950,2.353881,91.207349F, 142
1448487139,48.851918,2.353911,89.895013F, 143
1448487140,48.851856,2.353967,90.551181F, 144
1448487141,48.851856,2.353967,90.551181F, 144
1448487142,48.851826,2.353990,91.207349F, 144
1448487143,48.851796,2.354011,91.207349F, 144
1448487144,48.851737,2.354063,90.551181F, 144
1448487145,48.851737,2.354063,90.551181F, 144
1448487146,48.851708,2.354094,89.895013F, 144
1448487147,48.851679,2.354128,89.238845F, 144
1448487148,48.851653,2.354161,89.238845F, 143
1448487149,48.851627,2.354191,89.238845F, 143
1448487150,48.851601,2.354223,89.895013F, 143
1448487151,48.851558,2.354298,91.863517F, 143
1448487152,48.851558,2.354298,91.863517F, 143
1448487153,48.851545,2.354339,92.519685F, 143
1448487154,48.851532,2.354378,94.488189F, 143
1448487155,48.851503,2.354463,97.769029F, 145
1448487156,48.851503,2.354463,97.769029F, 145
1448487157,48.851487,2.354507,99.737533F, 145
1448487158,48.851472,2.354553,101.706037F, 146
1448487159,48.851447,2.354647,104.986877F, 148
1448487160,48.851447,2.354647,104.986877F, 148
1448487161,48.851433,2.354690,106.955381F, 146
1448487162,48.851416,2.354734,109.580053F, 146
1448487163,48.851384,2.354826,114.829397F, 147
1448487164,48.851384,2.354826,114.829397F, 147
1448487165,48.851368,2.354870,117.454068F, 147
1448487166,48.851355,2.354915,118.766404F, 147
1448487167,48.851343,2.354961,121.391076F, 147
1448487168,48.851326,2.355053,124.015748F, 147
1448487169,48.851326,2.355053,124.015748F, 147
1448487170,48.851317,2.355097,125.328084F, 147
1448487171,48.851305,2.355144,125.984252F, 149
1448487172,48.851294,2.355192,126.640420F, 149
1448487173,48.851269,2.355288,127.952756F, 150
1448487174,48.851269,2.355288,127.952756F, 150
1448487175,48.851257,2.355334,128.608924F, 150
1448487176,48.851247,2.355379,127.296588F, 150
1448487177,48.851238,2.355423,125.328084F, 150
1448487178,48.851220,2.355508,122.703412F, 151
1448487179,48.851220,2.355508,122.703412F, 151
1448487180,48.851208,2.355551,122.047244F, 150
1448487181,48.851195,2.355594,122.047244F, 152
1448487182,48.851185,2.355643,119.422572F, 152
1448487183,48.851163,2.355730,115.485564F, 151
1448487184,48.851163,2.355730,115.485564F, 151
1448487185,48.851153,2.355770,114.829397F, 151
1448487186,48.851144,2.355805,114.173229F, 153
1448487187,48.851135,2.355833,114.173229F, 153
1448487188,48.851122,2.355858,113.517061F, 153
1448487189,48.851111,2.355887,110.892389F, 154
1448487190,48.851098,2.355923,110.236221F, 154
1448487191,48.851083,2.355966,109.580053F, 154
1448487192,48.851045,2.356048,108.267717F, 152
1448487193,48.851045,2.356048,108.267717F, 152
1448487194,48.851025,2.356090,106.955381F, 152
1448487195,48.851008,2.356129,106.299213F, 151
1448487196,48.850991,2.356170,105.643045F, 151
1448487197,48.850974,2.356214,104.986877F, 150
1448487198,48.850953,2.356260,104.986877F, 150
1448487199,48.850929,2.356309,104.986877F, 153
1448487200,48.850890,2.356409,106.299213F, 154
1448487201,48.850890,2.356409,106.299213F, 154
1448487202,48.850873,2.356460,104.986877F, 154
1448487203,48.850836,2.356566,104.986877F, 152
1448487204,48.850836,2.356566,104.986877F, 152
1448487205,48.850820,2.356622,104.986877F, 150
1448487206,48.850804,2.356677,106.299213F, 149
1448487207,48.850788,2.356733,106.299213F, 149
1448487208,48.850774,2.356787,106.299213F, 153
1448487209,48.850759,2.356835,106.299213F, 153
1448487210,48.850728,2.356931,106.955381F, 158
1448487211,48.850728,2.356931,106.955381F, 158
1448487212,48.850714,2.356981,106.955381F, 158
1448487213,48.850701,2.357035,106.299213F, 156
1448487214,48.850691,2.357087,105.643045F, 156
1448487215,48.850674,2.357137,106.955381F, 157
1448487216,48.850646,2.357249,104.986877F, 157
1448487217,48.850646,2.357249,104.986877F, 157
1448487218,48.850629,2.357307,103.018373F, 157
1448487219,48.850613,2.357364,103.018373F, 157
1448487220,48.850579,2.357480,103.018373F, 159
1448487221,48.850579,2.357480,103.018373F, 159
1448487222,48.850563,2.357536,104.330709F, 160
1448487223,48.850546,2.357592,104.330709F, 162
1448487224,48.850530,2.357648,105.643045F, 162
1448487225,48.850514,2.357708,104.330709F, 159
1448487226,48.850483,2.357821,102.362205F, 162
1448487227,48.850483,2.357821,102.362205F, 162
1448487228,48.850467,2.357879,102.362205F, 162
1448487229,48.850452,2.357940,99.737533F, 164
1448487230,48.850421,2.358053,95.800525F, 167
1448487231,48.850421,2.358053,95.800525F, 167
1448487232,48.850411,2.358110,93.832021F, 167
1448487233,48.850400,2.358165,90.551181F, 167
1448487234,48.850386,2.358217,90.551181F, 167
1448487235,48.850362,2.358324,88.582677F, 166
1448487236,48.850362,2.358324,88.582677F, 166
1448487237,48.850338,2.358378,90.551181F, 167
1448487238,48.850313,2.358432,92.519685F, 167
1448487239,48.850285,2.358481,94.488189F, 167
1448487240,48.850259,2.358537,95.144357F, 168
1448487241,48.850234,2.358589,97.112861F, 168
1448487242,48.850186,2.358690,101.049869F, 169
1448487243,48.850186,2.358690,101.049869F, 169
1448487244,48.850165,2.358734,101.049869F, 169
1448487245,48.850141,2.358758,102.362205F, 169
1448487246,48.850103,2.358747,100.393701F, 174
1448487247,48.850103,2.358747,100.393701F, 174
1448487248,48.850087,2.358718,99.081365F, 173
1448487249,48.850076,2.358671,98.425197F, 173
1448487250,48.850055,2.358552,99.081365F, 172
1448487251,48.850055,2.358552,99.081365F, 172
1448487252,48.850045,2.358492,99.737533F, 172
1448487253,48.850024,2.358418,103.674541F, 174
1448487254,48.850008,2.358350,104.986877F, 174
1448487255,48.849991,2.358280,108.267717F, 176
1448487256,48.849953,2.358137,111.548557F, 175
1448487257,48.849953,2.358137,111.548557F, 175
1448487258,48.849933,2.358067,114.829397F, 174
1448487259,48.849901,2.357930,115.485564F, 171
1448487260,48.849901,2.357930,115.485564F, 171
1448487261,48.849882,2.357855,116.141732F, 173
1448487262,48.849864,2.357782,116.797900F, 171
1448487263,48.849846,2.357710,116.141732F, 171
1448487264,48.849824,2.357641,115.485564F, 172
1448487265,48.849804,2.357574,116.797900F, 171
1448487266,48.849785,2.357504,116.141732F, 173
1448487267,48.849764,2.357435,115.485564F, 172
1448487268,48.849744,2.357370,114.173229F, 172
1448487269,48.849723,2.357310,113.517061F, 173
1448487270,48.849701,2.357253,111.548557F, 175
1448487271,48.849678,2.357195,109.580053F, 178
1448487272,48.849653,2.357130,108.923885F, 180
1448487273,48.849630,2.357070,106.955381F, 177
1448487274,48.849584,2.356955,105.643045F, 174
1448487275,48.849584,2.356955,105.643045F, 174
1448487276,48.849563,2.356905,104.330709F, 178
1448487277,48.849549,2.356858,103.018373F, 181
1448487278,48.849531,2.356783,102.362205F, 181
1448487279,48.849531,2.356783,102.362205F, 181
1448487280,48.849530,2.356760,102.362205F, 175
1448487281,48.849530,2.356743,102.362205F, 173
1448487282,48.849531,2.356732,100.393701F, 173
1448487283,48.849533,2.356721,98.425197F, 164
1448487284,48.849541,2.356704,97.112861F, 161
1448487285,48.849541,2.356704,97.112861F, 161
1448487286,48.849544,2.356694,98.425197F, 153
1448487287,48.849546,2.356685,95.800525F, 153
1448487288,48.849550,2.356676,93.832021F, 155
1448487289,48.849555,2.356663,92.519685F, 160
1448487290,48.849559,2.356650,91.863517F, 162
1448487291,48.849563,2.356638,91.207349F, 162
1448487292,48.849565,2.356627,90.551181F, 163
1448487293,48.849568,2.356614,90.551181F, 162
1448487294,48.849570,2.356601,91.207349F, 157
1448487295,48.849572,2.356582,91.863517F, 157
1448487296,48.849576,2.356568,91.863517F, 158
1448487297,48.849580,2.356553,91.207349F, 157
1448487298,48.849584,2.356541,91.207349F, 157
1448487299,48.849589,2.356524,90.551181F, 157
1448487300,48.849594,2.356508,89.895013F, 155
1448487301,48.849598,2.356493,89.895013F, 155
1448487302,48.849602,2.356479,89.895013F, 159
1448487303,48.849606,2.356467,89.895013F, 159
1448487304,48.849609,2.356456,89.895013F, 157
1448487305,48.849613,2.356441,93.175853F, 158
1448487306,48.849616,2.356430,95.144357F, 156
1448487307,48.849623,2.356418,95.800525F, 156
1448487308,48.849630,2.356408,96.456693F, 153
1448487309,48.849637,2.356400,97.769029F, 153
1448487310,48.849639,2.356391,97.769029F, 151
1448487311,48.849641,2.356384,98.425197F, 152
1448487312,48.849642,2.356378,98.425197F, 152
1448487313,48.849644,2.356371,99.737533F, 152
1448487314,48.849644,2.356371,100.393701F, 152
1448487315,48.849644,2.356371,100.393701F, 151
1448487316,48.849644,2.356371,100.393701F, 151
1448487317,48.849644,2.356370,100.393701F, 144
1448487318,48.849644,2.356370,100.393701F, 143
1448487319,48.849647,2.356368,100.393701F, 140
1448487320,48.849649,2.356359,101.049869F, 139
1448487321,48.849652,2.356345,101.706037F, 139
1448487322,48.849655,2.356331,101.049869F, 139
1448487323,48.849661,2.356313,100.393701F, 139
1448487324,48.849668,2.356296,100.393701F, 139
1448487325,48.849672,2.356271,99.737533F, 139
1448487326,48.849678,2.356249,99.737533F, 137
1448487327,48.849683,2.356221,100.393701F, 136
1448487328,48.849690,2.356193,100.393701F, 136
1448487329,48.849698,2.356155,102.362205F, 134
1448487330,48.849707,2.356115,103.674541F, 134
1448487331,48.849715,2.356067,104.330709F, 132
1448487332,48.849728,2.356019,104.330709F, 133
1448487333,48.849738,2.355969,104.986877F, 133
1448487334,48.849751,2.355918,106.299213F, 130
1448487335,48.849763,2.355868,108.923885F, 130
1448487336,48.849784,2.355819,110.892389F, 127
1448487337,48.849802,2.355771,109.580053F, 127
1448487338,48.849818,2.355720,107.611549F, 128
1448487339,48.849830,2.355669,104.986877F, 129
1448487340,48.849841,2.355615,104.330709F, 129
1448487341,48.849851,2.355565,101.049869F, 130
1448487342,48.849864,2.355518,99.081365F, 130
1448487343,48.849882,2.355422,95.144357F, 137
1448487344,48.849882,2.355422,95.144357F, 137
1448487345,48.849893,2.355370,94.488189F, 137
1448487346,48.849920,2.355265,90.551181F, 143
1448487347,48.849920,2.355265,90.551181F, 143
1448487348,48.849935,2.355215,89.238845F, 143
1448487349,48.849949,2.355165,88.582677F, 142
1448487350,48.849981,2.355061,87.926509F, 144
1448487351,48.849981,2.355061,87.926509F, 144
1448487352,48.850006,2.355010,91.207349F, 144
1448487353,48.850024,2.354958,88.582677F, 144
1448487354,48.850045,2.354908,89.895013F, 146
1448487355,48.850063,2.354859,89.238845F, 146
1448487356,48.850100,2.354757,88.582677F, 148
1448487357,48.850100,2.354757,88.582677F, 148
1448487358,48.850118,2.354708,88.582677F, 150
1448487359,48.850134,2.354662,88.582677F, 149
1448487360,48.850151,2.354612,89.238845F, 149
1448487361,48.850170,2.354564,89.895013F, 150
1448487362,48.850191,2.354516,91.863517F, 150
1448487363,48.850223,2.354417,91.207349F, 146
1448487364,48.850223,2.354417,91.207349F, 146
1448487365,48.850237,2.354370,91.207349F, 149
1448487366,48.850250,2.354322,89.895013F, 148
1448487367,48.850262,2.354277,89.238845F, 149
1448487368,48.850272,2.354231,88.582677F, 149
1448487369,48.850280,2.354188,85.958005F, 149
1448487370,48.850291,2.354144,83.333333F, 149
1448487371,48.850302,2.354102,82.677165F, 149
1448487372,48.850311,2.354060,81.364830F, 149
1448487373,48.850334,2.353976,78.083990F, 150
1448487374,48.850334,2.353976,78.083990F, 150
1448487375,48.850345,2.353937,78.083990F, 151
1448487376,48.850355,2.353903,78.740158F, 151
1448487377,48.850371,2.353852,77.427822F, 149
1448487378,48.850371,2.353852,77.427822F, 149
1448487379,48.850378,2.353834,76.771654F, 148
1448487380,48.850385,2.353818,76.115486F, 148
1448487381,48.850389,2.353800,75.459318F, 147
1448487382,48.850393,2.353784,76.115486F, 147
1448487383,48.850396,2.353768,76.115486F, 146
1448487384,48.850399,2.353756,76.115486F, 146
1448487385,48.850406,2.353731,75.459318F, 145
1448487386,48.850406,2.353731,75.459318F, 145
1448487387,48.850410,2.353714,75.459318F, 143
1448487388,48.850418,2.353701,75.459318F, 140
1448487389,48.850435,2.353682,77.427822F, 139
1448487390,48.850435,2.353682,77.427822F, 139
1448487391,48.850440,2.353669,78.083990F, 140
1448487392,48.850444,2.353651,78.740158F, 142
1448487393,48.850451,2.353634,80.052494F, 142
1448487394,48.850458,2.353615,80.708662F, 145
1448487395,48.850458,2.353615,80.708662F, 145
1448487396,48.850459,2.353609,82.677165F, 145
1448487397,48.850462,2.353610,83.989501F, 145
1448487398,48.850466,2.353613,86.614173F, 146
1448487399,48.850469,2.353614,87.270341F, 144
1448487400,48.850470,2.353611,88.582677F, 142
1448487401,48.850469,2.353609,89.895013F, 142
1448487402,48.850467,2.353610,89.895013F, 142
1448487403,48.850467,2.353611,89.238845F, 142
1448487404,48.850466,2.353612,89.238845F, 141
1448487405,48.850467,2.353612,88.582677F, 138
1448487406,48.850466,2.353613,88.582677F, 137
1448487407,48.850465,2.353612,89.238845F, 135
1448487408,48.850465,2.353612,89.238845F, 135
1448487409,48.850464,2.353610,89.895013F, 134
1448487410,48.850463,2.353609,89.895013F, 133
1448487411,48.850462,2.353609,90.551181F, 133
1448487412,48.850461,2.353608,90.551181F, 133
1448487413,48.850459,2.353609,91.207349F, 134
1448487414,48.850457,2.353609,91.863517F, 133
1448487415,48.850457,2.353609,91.863517F, 131
1448487416,48.850457,2.353610,91.863517F, 131
1448487417,48.850457,2.353610,91.863517F, 128
1448487418,48.850457,2.353610,91.863517F, 124
1448487419,48.850457,2.353610,91.863517F, 125
1448487420,48.850456,2.353610,91.863517F, 125
1448487421,48.850457,2.353610,91.863517F, 118
1448487422,48.850457,2.353611,91.863517F, 118
1448487423,48.850458,2.353611,91.863517F, 118
1448487424,48.850458,2.353610,91.863517F, 110
1448487425,48.850457,2.353610,91.863517F, 114
1448487426,48.850457,2.353611,91.863517F, 115
1448487427,48.850456,2.353610,91.207349F, 113
1448487428,48.850457,2.353611,91.207349F, 115
1448487429,48.850457,2.353612,90.551181F, 113
1448487430,48.850458,2.353613,90.551181F, 113
1448487431,48.850460,2.353613,90.551181F, 101
1448487432,48.850461,2.353614,90.551181F, 102
1448487433,48.850459,2.353615,90.551181F, 102
1448487434,48.850459,2.353615,89.895013F, 102
1448487435,48.850458,2.353615,89.895013F, 100
1448487436,48.850457,2.353615,89.238845F, 100
1448487437,48.850457,2.353616,89.238845F, 100
1448487438,48.850457,2.353616,89.238845F, 100
1448487439,48.850457,2.353616,89.238845F, 100
1448487440,48.850457,2.353616,89.238845F, 100
1448487441,48.850457,2.353616,89.238845F, 100
1448487442,48.850457,2.353616,89.238845F, 100
1448487443,48.850458,2.353615,89.895013F, 99
1448487444,48.850457,2.353615,89.895013F, 99
1448487445,48.850457,2.353615,89.895013F, 98
1448487446,48.850457,2.353616,89.238845F, 98
1448487447,48.850456,2.353615,89.238845F, 98
1448487448,48.850457,2.353615,89.238845F, 97
1448487449,48.850457,2.353615,89.238845F, 97
1448487450,48.850457,2.353616,89.238845F, 97
