1448485897,48.850389,2.353739,106.299213F, 69
1448485898,48.850391,2.353734,105.643045F, 69
1448485899,48.850392,2.353728,106.299213F, 69
1448485900,48.850391,2.353720,106.299213F, 70
1448485901,48.850403,2.353699,104.986877F, 70
1448485902,48.850413,2.353674,104.986877F, 70
1448485903,48.850423,2.353646,104.986877F, 70
1448485904,48.850439,2.353611,104.330709F, 72
1448485905,48.850458,2.353570,104.330709F, 72
1448485906,48.850470,2.353537,104.330709F, 72
1448485907,48.850484,2.353503,104.330709F, 72
1448485909,48.850495,2.353469,104.330709F, 73
1448485910,48.850508,2.353432,103.674541F, 73
1448485911,48.850515,2.353399,103.674541F, 73
1448485912,48.850519,2.353371,103.674541F, 73
1448485913,48.850521,2.353353,103.674541F, 73
1448485914,48.850530,2.353350,104.330709F, 0
1448485915,48.850530,2.353355,103.674541F, 73
1448485916,48.850526,2.353379,103.018373F, 76
1448485917,48.850489,2.353400,103.674541F, 76
1448485918,48.850484,2.353434,103.674541F, 76
1448485919,48.850472,2.353472,103.018373F, 76
1448485920,48.850471,2.353514,103.018373F, 79
1448485921,48.850467,2.353557,103.018373F, 80
1448485922,48.850465,2.353602,103.018373F, 82
1448485923,48.850456,2.353655,102.362205F, 84
1448485924,48.850451,2.353700,102.362205F, 84
1448485925,48.850440,2.353746,102.362205F, 86
1448485926,48.850433,2.353793,101.706037F, 88
1448485927,48.850427,2.353841,101.049869F, 88
1448485928,48.850419,2.353896,100.393701F, 88
1448485929,48.850422,2.353944,99.737533F, 88
1448485930,48.850441,2.353993,99.081365F, 90
1448485931,48.850454,2.354046,98.425197F, 90
1448485932,48.850464,2.354107,97.769029F, 90
1448485933,48.850470,2.354169,97.112861F, 91
1448485934,48.850466,2.354230,96.456693F, 93
1448485935,48.850456,2.354289,95.800525F, 95
1448485936,48.850442,2.354345,95.800525F, 96
1448485937,48.850428,2.354401,95.144357F, 96
1448485938,48.850412,2.354459,94.488189F, 97
1448485939,48.850398,2.354512,94.488189F, 97
1448485940,48.850380,2.354570,93.832021F, 99
1448485941,48.850362,2.354623,93.175853F, 101
1448485942,48.850344,2.354677,92.519685F, 103
1448485943,48.850328,2.354730,91.863517F, 105
1448485944,48.850313,2.354786,91.863517F, 108
1448485945,48.850296,2.354840,91.207349F, 110
1448485946,48.850280,2.354890,90.551181F, 111
1448485947,48.850264,2.354935,89.895013F, 113
1448485948,48.850247,2.354983,89.895013F, 114
1448485949,48.850224,2.355037,89.238845F, 115
1448485950,48.850206,2.355079,89.238845F, 115
1448485951,48.850189,2.355118,88.582677F, 117
1448485952,48.850169,2.355149,88.582677F, 117
1448485953,48.850146,2.355173,87.926509F, 118
1448485954,48.850140,2.355214,87.926509F, 119
1448485955,48.850154,2.355268,87.926509F, 120
1448485956,48.850151,2.355313,87.270341F, 121
1448485957,48.850155,2.355346,86.614173F, 121
1448485958,48.850147,2.355408,86.614173F, 122
1448485959,48.850140,2.355449,85.958005F, 122
1448485960,48.850126,2.355497,85.958005F, 124
1448485961,48.850110,2.355536,85.301837F, 125
1448485962,48.850080,2.355592,84.645669F, 127
1448485963,48.850065,2.355623,83.989501F, 128
1448485964,48.850047,2.355663,83.333333F, 129
1448485965,48.850030,2.355709,82.677165F, 131
1448485966,48.850014,2.355753,82.020998F, 131
1448485967,48.849999,2.355795,81.364830F, 132
1448485968,48.849984,2.355840,80.708662F, 133
1448485969,48.849974,2.355879,80.052494F, 133
1448485970,48.849965,2.355923,79.396326F, 135
1448485971,48.849951,2.355967,78.740158F, 136
1448485972,48.849941,2.356020,77.427822F, 137
1448485973,48.849927,2.356068,77.427822F, 138
1448485974,48.849915,2.356117,77.427822F, 138
1448485975,48.849899,2.356168,76.115486F, 140
1448485976,48.849881,2.356218,75.459318F, 142
1448485977,48.849865,2.356266,75.459318F, 143
1448485978,48.849855,2.356318,76.115486F, 145
1448485979,48.849840,2.356366,75.459318F, 145
1448485980,48.849822,2.356411,75.459318F, 145
1448485981,48.849803,2.356456,75.459318F, 145
1448485982,48.849785,2.356506,74.803150F, 145
1448485983,48.849765,2.356563,74.803150F, 146
1448485984,48.849746,2.356619,74.146982F, 147
1448485985,48.849727,2.356677,74.146982F, 147
1448485986,48.849707,2.356738,74.146982F, 149
1448485987,48.849689,2.356796,74.803150F, 149
1448485988,48.849671,2.356854,74.146982F, 149
1448485989,48.849653,2.356914,74.146982F, 150
1448485990,48.849636,2.356970,73.490814F, 150
1448485991,48.849622,2.357020,73.490814F, 150
1448485992,48.849609,2.357074,72.834646F, 150
1448485993,48.849598,2.357121,72.834646F, 151
1448485994,48.849588,2.357164,72.178478F, 151
1448485995,48.849576,2.357209,72.178478F, 151
1448485996,48.849560,2.357255,71.522310F, 151
1448485997,48.849550,2.357294,70.866142F, 151
1448485998,48.849534,2.357333,70.209974F, 151
1448485999,48.849508,2.357394,69.553806F, 151
1448486000,48.849467,2.357432,67.585302F, 151
1448486001,48.849434,2.357483,66.929134F, 151
1448486002,48.849414,2.357527,65.616798F, 151
1448486003,48.849401,2.357567,64.960630F, 151
1448486004,48.849387,2.357613,64.304462F, 151
1448486005,48.849376,2.357652,63.648294F, 151
1448486006,48.849365,2.357700,63.648294F, 151
1448486007,48.849360,2.357747,62.992126F, 151
1448486008,48.849347,2.357804,62.335958F, 151
1448486009,48.849333,2.357857,62.335958F, 151
1448486010,48.849316,2.357913,61.679790F, 151
1448486011,48.849302,2.357964,61.023622F, 151
1448486012,48.849287,2.358016,61.023622F, 151
1448486013,48.849276,2.358067,59.711286F, 151
1448486014,48.849262,2.358115,59.055118F, 151
1448486015,48.849245,2.358162,59.055118F, 151
1448486016,48.849228,2.358215,58.398950F, 151
1448486017,48.849212,2.358269,57.742782F, 151
1448486018,48.849199,2.358321,57.742782F, 151
1448486019,48.849188,2.358370,57.086614F, 151
1448486020,48.849175,2.358418,56.430446F, 151
1448486021,48.849161,2.358470,56.430446F, 151
1448486022,48.849146,2.358518,55.774278F, 151
1448486023,48.849132,2.358569,55.774278F, 151
1448486024,48.849118,2.358618,55.118110F, 152
1448486025,48.849103,2.358664,54.461942F, 151
1448486026,48.849086,2.358712,54.461942F, 152
1448486027,48.849068,2.358759,53.805774F, 151
1448486028,48.849047,2.358805,53.149606F, 151
1448486029,48.849027,2.358843,52.493438F, 151
1448486030,48.849002,2.358880,51.837270F, 151
1448486031,48.848975,2.358917,51.837270F, 152
1448486032,48.848948,2.358951,51.181102F, 152
1448486033,48.848921,2.358986,50.524934F, 152
1448486034,48.848895,2.359019,49.868766F, 153
1448486035,48.848867,2.359051,49.212598F, 153
1448486036,48.848839,2.359083,48.556431F, 153
1448486037,48.848815,2.359112,48.556431F, 153
1448486038,48.848791,2.359144,48.556431F, 153
1448486039,48.848769,2.359173,48.556431F, 153
1448486040,48.848744,2.359206,47.900263F, 153
1448486041,48.848720,2.359235,47.900263F, 154
1448486042,48.848696,2.359268,47.900263F, 154
1448486043,48.848673,2.359300,47.900263F, 154
1448486044,48.848649,2.359334,48.556431F, 154
1448486045,48.848626,2.359362,48.556431F, 154
1448486046,48.848602,2.359393,49.868766F, 155
1448486047,48.848576,2.359422,51.837270F, 155
1448486048,48.848551,2.359449,52.493438F, 155
1448486049,48.848528,2.359479,53.805774F, 156
1448486050,48.848505,2.359514,54.461942F, 155
1448486051,48.848485,2.359547,55.118110F, 156
1448486052,48.848461,2.359585,55.118110F, 156
1448486053,48.848438,2.359623,55.118110F, 156
1448486054,48.848416,2.359663,55.118110F, 156
1448486055,48.848393,2.359703,55.118110F, 156
1448486056,48.848371,2.359745,55.118110F, 156
1448486057,48.848346,2.359790,55.118110F, 156
1448486058,48.848321,2.359833,55.774278F, 156
1448486059,48.848296,2.359879,55.774278F, 155
1448486060,48.848272,2.359922,55.774278F, 155
1448486061,48.848246,2.359963,55.774278F, 155
1448486062,48.848220,2.359997,55.118110F, 155
1448486063,48.848191,2.360027,55.118110F, 155
1448486064,48.848165,2.360052,55.118110F, 155
1448486065,48.848134,2.360082,56.430446F, 154
1448486066,48.848106,2.360101,56.430446F, 154
1448486067,48.848079,2.360128,57.086614F, 154
1448486068,48.848052,2.360156,57.086614F, 154
1448486069,48.848026,2.360191,57.086614F, 154
1448486070,48.848004,2.360223,57.086614F, 154
1448486071,48.847983,2.360257,57.086614F, 155
1448486072,48.847962,2.360291,57.086614F, 155
1448486073,48.847939,2.360325,57.742782F, 155
1448486074,48.847916,2.360360,57.742782F, 155
1448486075,48.847889,2.360395,57.742782F, 154
1448486076,48.847865,2.360425,57.742782F, 155
1448486077,48.847840,2.360460,57.742782F, 154
1448486078,48.847819,2.360491,57.742782F, 154
1448486079,48.847797,2.360527,57.086614F, 155
1448486080,48.847772,2.360566,57.742782F, 154
1448486081,48.847748,2.360603,57.742782F, 154
1448486082,48.847724,2.360647,57.742782F, 155
1448486083,48.847705,2.360682,57.742782F, 154
1448486084,48.847681,2.360723,57.742782F, 155
1448486085,48.847656,2.360763,57.742782F, 155
1448486086,48.847628,2.360801,57.742782F, 155
1448486087,48.847602,2.360832,58.398950F, 155
1448486088,48.847574,2.360867,57.742782F, 155
1448486089,48.847548,2.360895,57.742782F, 155
1448486090,48.847521,2.360928,57.742782F, 155
1448486091,48.847493,2.360963,58.398950F, 155
1448486092,48.847463,2.360999,59.055118F, 155
1448486093,48.847435,2.361027,59.055118F, 156
1448486094,48.847405,2.361059,59.711286F, 156
1448486095,48.847377,2.361088,59.711286F, 156
1448486096,48.847346,2.361119,60.367454F, 157
1448486097,48.847314,2.361148,61.023622F, 157
1448486098,48.847281,2.361179,61.679790F, 156
1448486099,48.847247,2.361206,61.679790F, 157
1448486100,48.847217,2.361232,61.679790F, 157
1448486101,48.847187,2.361259,61.679790F, 157
1448486102,48.847157,2.361285,62.335958F, 157
1448486103,48.847128,2.361313,62.335958F, 157
1448486104,48.847102,2.361341,62.335958F, 157
1448486105,48.847079,2.361370,62.335958F, 157
1448486106,48.847057,2.361406,62.992126F, 157
1448486107,48.847035,2.361449,64.304462F, 157
1448486108,48.847019,2.361488,63.648294F, 158
1448486109,48.847001,2.361533,63.648294F, 158
1448486110,48.846984,2.361579,64.304462F, 157
1448486111,48.846964,2.361628,64.960630F, 158
1448486112,48.846944,2.361672,64.960630F, 158
1448486113,48.846923,2.361714,66.272966F, 157
1448486114,48.846899,2.361757,66.929134F, 158
1448486115,48.846879,2.361807,68.241470F, 158
1448486116,48.846860,2.361855,68.897638F, 158
1448486117,48.846840,2.361896,69.553806F, 158
1448486118,48.846816,2.361941,69.553806F, 158
1448486119,48.846795,2.361984,70.209974F, 158
1448486120,48.846773,2.362025,70.209974F, 158
1448486121,48.846752,2.362065,71.522310F, 157
1448486122,48.846729,2.362109,72.178478F, 157
1448486123,48.846708,2.362150,72.834646F, 157
1448486124,48.846690,2.362192,73.490814F, 157
1448486125,48.846672,2.362236,74.146982F, 157
1448486126,48.846653,2.362282,74.803150F, 156
1448486127,48.846633,2.362329,76.115486F, 156
1448486128,48.846613,2.362372,76.771654F, 156
1448486129,48.846591,2.362416,76.771654F, 156
1448486130,48.846570,2.362458,77.427822F, 155
1448486131,48.846548,2.362501,78.740158F, 155
1448486132,48.846528,2.362540,78.740158F, 155
1448486133,48.846505,2.362581,79.396326F, 154
1448486134,48.846483,2.362614,79.396326F, 155
1448486135,48.846455,2.362648,80.052494F, 154
1448486136,48.846428,2.362678,80.052494F, 154
1448486137,48.846397,2.362709,80.708662F, 154
1448486138,48.846371,2.362732,81.364830F, 154
1448486139,48.846343,2.362758,81.364830F, 153
1448486140,48.846316,2.362782,81.364830F, 153
1448486141,48.846287,2.362812,82.020998F, 153
1448486142,48.846258,2.362841,83.333333F, 153
1448486143,48.846229,2.362867,83.989501F, 153
1448486144,48.846201,2.362897,84.645669F, 153
1448486145,48.846177,2.362926,85.301837F, 153
1448486146,48.846152,2.362956,85.958005F, 153
1448486147,48.846128,2.362991,86.614173F, 153
1448486148,48.846104,2.363024,87.270341F, 152
1448486149,48.846080,2.363056,88.582677F, 152
1448486150,48.846055,2.363087,89.895013F, 152
1448486151,48.846033,2.363118,90.551181F, 153
1448486152,48.846011,2.363151,91.207349F, 153
1448486153,48.845990,2.363184,92.519685F, 153
1448486154,48.845968,2.363219,93.175853F, 153
1448486155,48.845940,2.363255,93.832021F, 153
1448486156,48.845908,2.363285,94.488189F, 154
1448486157,48.845876,2.363309,94.488189F, 154
1448486158,48.845843,2.363327,94.488189F, 154
1448486159,48.845810,2.363348,94.488189F, 154
1448486160,48.845782,2.363365,94.488189F, 154
1448486161,48.845761,2.363378,94.488189F, 154
1448486162,48.845736,2.363405,95.144357F, 155
1448486163,48.845707,2.363432,95.144357F, 155
1448486164,48.845678,2.363458,95.800525F, 155
1448486165,48.845650,2.363484,95.800525F, 156
1448486166,48.845626,2.363507,96.456693F, 157
1448486167,48.845599,2.363536,96.456693F, 156
1448486168,48.845571,2.363565,95.800525F, 157
1448486169,48.845543,2.363592,95.800525F, 157
1448486170,48.845514,2.363621,95.800525F, 158
1448486171,48.845487,2.363651,96.456693F, 158
1448486172,48.845458,2.363680,97.112861F, 158
1448486173,48.845432,2.363710,97.769029F, 158
1448486174,48.845409,2.363742,97.769029F, 159
1448486175,48.845386,2.363777,98.425197F, 158
1448486176,48.845363,2.363811,98.425197F, 158
1448486177,48.845341,2.363843,98.425197F, 159
1448486178,48.845319,2.363881,98.425197F, 158
1448486179,48.845294,2.363919,99.081365F, 158
1448486180,48.845271,2.363958,99.081365F, 158
1448486181,48.845250,2.363995,99.737533F, 158
1448486182,48.845227,2.364032,99.737533F, 158
1448486183,48.845202,2.364065,101.049869F, 158
1448486184,48.845180,2.364092,101.706037F, 159
1448486185,48.845158,2.364122,101.706037F, 159
1448486186,48.845138,2.364150,102.362205F, 158
1448486187,48.845116,2.364178,102.362205F, 158
1448486188,48.845098,2.364197,101.706037F, 159
1448486189,48.845079,2.364223,101.706037F, 158
1448486190,48.845057,2.364250,101.706037F, 158
1448486191,48.845032,2.364277,101.706037F, 158
1448486192,48.845008,2.364304,104.330709F, 159
1448486193,48.844981,2.364329,106.299213F, 158
1448486194,48.844952,2.364347,107.611549F, 159
1448486195,48.844922,2.364366,106.955381F, 159
1448486196,48.844889,2.364386,108.267717F, 160
1448486197,48.844859,2.364400,108.923885F, 160
1448486198,48.844832,2.364412,110.892389F, 160
1448486199,48.844806,2.364420,112.860893F, 160
1448486200,48.844786,2.364426,112.860893F, 160
1448486201,48.844768,2.364438,113.517061F, 160
1448486202,48.844752,2.364447,114.829397F, 160
1448486203,48.844739,2.364450,116.797900F, 160
1448486204,48.844727,2.364454,118.110236F, 160
1448486205,48.844721,2.364462,118.110236F, 159
1448486206,48.844718,2.364470,119.422572F, 159
1448486207,48.844711,2.364480,121.391076F, 159
1448486208,48.844704,2.364487,122.047244F, 158
1448486209,48.844696,2.364496,122.703412F, 157
1448486210,48.844689,2.364501,122.703412F, 156
1448486211,48.844678,2.364510,122.703412F, 155
1448486212,48.844673,2.364516,122.047244F, 153
1448486213,48.844667,2.364524,122.047244F, 152
1448486214,48.844659,2.364533,122.703412F, 151
1448486215,48.844651,2.364542,123.359580F, 149
1448486216,48.844645,2.364551,122.703412F, 148
1448486217,48.844643,2.364559,122.703412F, 146
1448486218,48.844638,2.364570,122.047244F, 145
1448486219,48.844633,2.364579,122.703412F, 143
1448486220,48.844629,2.364586,122.703412F, 142
1448486221,48.844624,2.364593,122.703412F, 141
1448486222,48.844618,2.364601,122.047244F, 139
1448486223,48.844609,2.364615,122.047244F, 137
1448486224,48.844603,2.364628,122.047244F, 136
1448486225,48.844596,2.364642,121.391076F, 135
1448486226,48.844589,2.364654,121.391076F, 134
1448486227,48.844581,2.364667,121.391076F, 133
1448486228,48.844571,2.364680,120.734908F, 133
1448486229,48.844562,2.364695,120.734908F, 132
1448486230,48.844552,2.364711,120.734908F, 131
1448486231,48.844543,2.364723,120.078740F, 130
1448486232,48.844537,2.364735,119.422572F, 128
1448486233,48.844535,2.364746,120.078740F, 126
1448486234,48.844528,2.364761,118.766404F, 124
1448486235,48.844523,2.364773,119.422572F, 122
1448486236,48.844517,2.364789,120.078740F, 121
1448486237,48.844514,2.364805,120.078740F, 119
1448486238,48.844515,2.364821,118.766404F, 118
1448486239,48.844519,2.364837,118.110236F, 117
1448486240,48.844521,2.364868,122.047244F, 116
1448486241,48.844527,2.364896,124.671916F, 116
1448486242,48.844528,2.364924,125.984252F, 116
1448486243,48.844529,2.364946,127.296588F, 115
1448486244,48.844538,2.364965,128.608924F, 114
1448486245,48.844542,2.364985,128.608924F, 114
1448486246,48.844549,2.365002,128.608924F, 113
1448486247,48.844558,2.365019,127.296588F, 113
1448486248,48.844567,2.365030,126.640420F, 113
1448486249,48.844575,2.365043,125.984252F, 113
1448486250,48.844579,2.365060,125.984252F, 113
1448486251,48.844581,2.365080,126.640420F, 112
1448486252,48.844586,2.365098,127.296588F, 112
1448486253,48.844589,2.365115,127.952756F, 111
1448486254,48.844596,2.365129,127.952756F, 111
1448486255,48.844605,2.365142,127.296588F, 110
1448486256,48.844614,2.365153,126.640420F, 110
1448486257,48.844624,2.365164,125.984252F, 109
1448486258,48.844633,2.365174,125.984252F, 108
1448486259,48.844637,2.365190,126.640420F, 107
1448486260,48.844645,2.365202,127.296588F, 107
1448486261,48.844654,2.365224,127.296588F, 106
1448486262,48.844675,2.365253,127.296588F, 108
1448486263,48.844699,2.365303,127.296588F, 111
1448486264,48.844727,2.365360,128.608924F, 116
1448486265,48.844757,2.365415,129.265092F, 119
1448486266,48.844791,2.365474,128.608924F, 122
1448486267,48.844828,2.365531,127.952756F, 126
1448486268,48.844860,2.365594,129.265092F, 132
1448486269,48.844896,2.365652,128.608924F, 133
1448486270,48.844930,2.365706,127.296588F, 136
1448486271,48.844961,2.365768,126.640420F, 140
1448486272,48.844995,2.365824,125.984252F, 142
1448486273,48.845026,2.365880,124.015748F, 146
1448486274,48.845054,2.365939,124.015748F, 147
1448486275,48.845089,2.365992,123.359580F, 150
1448486276,48.845124,2.366046,123.359580F, 153
1448486277,48.845154,2.366102,122.703412F, 155
1448486278,48.845188,2.366156,122.703412F, 157
1448486279,48.845220,2.366216,122.703412F, 157
1448486280,48.845256,2.366268,122.047244F, 159
1448486281,48.845289,2.366316,120.734908F, 161
1448486282,48.845320,2.366367,120.078740F, 163
1448486283,48.845354,2.366411,119.422572F, 163
1448486284,48.845389,2.366458,118.766404F, 164
1448486285,48.845420,2.366506,118.766404F, 164
1448486286,48.845447,2.366557,116.797900F, 166
1448486287,48.845476,2.366612,115.485564F, 166
1448486288,48.845507,2.366667,116.141732F, 166
1448486289,48.845541,2.366720,114.829397F, 167
1448486290,48.845572,2.366773,113.517061F, 167
1448486291,48.845606,2.366821,113.517061F, 168
1448486292,48.845639,2.366864,110.236221F, 169
1448486293,48.845674,2.366902,108.923885F, 169
1448486294,48.845714,2.366933,106.955381F, 169
1448486295,48.845756,2.366956,105.643045F, 170
1448486296,48.845798,2.366970,103.674541F, 170
1448486297,48.845838,2.366976,101.049869F, 171
1448486298,48.845880,2.366971,97.769029F, 171
1448486299,48.845919,2.366951,94.488189F, 171
1448486300,48.845955,2.366927,91.863517F, 171
1448486301,48.845988,2.366909,91.863517F, 171
1448486302,48.846015,2.366896,91.207349F, 171
1448486303,48.846040,2.366903,91.207349F, 172
1448486304,48.846067,2.366927,89.895013F, 172
1448486305,48.846095,2.366955,87.926509F, 171
1448486306,48.846130,2.366979,85.958005F, 172
1448486307,48.846167,2.366998,83.989501F, 172
1448486308,48.846205,2.367009,82.677165F, 172
1448486309,48.846251,2.367015,83.333333F, 172
1448486310,48.846297,2.367018,82.677165F, 173
1448486311,48.846337,2.367013,81.364830F, 173
1448486312,48.846382,2.367006,80.708662F, 173
1448486313,48.846425,2.366991,80.052494F, 174
1448486314,48.846465,2.366972,80.708662F, 174
1448486315,48.846501,2.366952,82.020998F, 174
1448486316,48.846542,2.366931,82.677165F, 174
1448486317,48.846587,2.366916,89.238845F, 174
1448486318,48.846625,2.366896,93.175853F, 174
1448486319,48.846662,2.366885,99.081365F, 175
1448486320,48.846707,2.366876,106.299213F, 175
1448486321,48.846741,2.366848,118.110236F, 174
1448486322,48.846776,2.366829,125.328084F, 174
1448486323,48.846811,2.366813,133.202100F, 174
1448486324,48.846837,2.366787,144.356956F, 175
1448486325,48.846861,2.366781,151.574803F, 174
1448486326,48.846880,2.366781,156.824147F, 174
1448486327,48.846894,2.366796,159.448819F, 174
1448486328,48.846901,2.366812,159.448819F, 173
1448486329,48.846912,2.366830,161.417323F, 173
1448486330,48.846922,2.366855,162.073491F, 173
1448486331,48.846932,2.366883,162.729659F, 172
1448486332,48.846943,2.366906,162.729659F, 172
1448486333,48.846950,2.366919,164.041995F, 171
1448486334,48.846957,2.366933,164.041995F, 171
1448486335,48.846967,2.366949,162.729659F, 170
1448486336,48.846974,2.366966,161.417323F, 170
1448486337,48.846982,2.366982,158.136483F, 169
1448486338,48.846988,2.366993,158.792651F, 168
1448486339,48.846996,2.366997,160.761155F, 168
1448486340,48.847007,2.367001,160.761155F, 167
1448486341,48.847016,2.367007,158.136483F, 167
1448486342,48.847027,2.367011,157.480315F, 166
1448486343,48.847038,2.367015,156.167979F, 166
1448486344,48.847051,2.367022,154.855643F, 165
1448486345,48.847063,2.367027,154.199475F, 164
1448486346,48.847076,2.367032,150.918635F, 163
1448486347,48.847085,2.367036,146.981628F, 162
1448486348,48.847094,2.367038,142.388452F, 160
1448486349,48.847103,2.367043,139.107612F, 159
1448486350,48.847109,2.367049,133.858268F, 157
1448486351,48.847115,2.367055,130.577428F, 155
1448486352,48.847120,2.367064,125.328084F, 153
1448486353,48.847126,2.367074,121.391076F, 150
1448486354,48.847134,2.367078,119.422572F, 149
1448486355,48.847143,2.367088,121.391076F, 147
1448486356,48.847154,2.367089,120.734908F, 145
1448486357,48.847165,2.367092,120.078740F, 143
1448486358,48.847175,2.367097,120.078740F, 140
1448486359,48.847207,2.367096,127.296588F, 139
1448486360,48.847224,2.367099,127.952756F, 137
1448486361,48.847256,2.367107,135.170604F, 136
1448486362,48.847261,2.367120,135.170604F, 134
1448486363,48.847268,2.367128,133.202100F, 133
1448486364,48.847278,2.367136,133.858268F, 131
1448486365,48.847287,2.367142,132.545932F, 129
1448486366,48.847297,2.367147,132.545932F, 127
1448486367,48.847310,2.367155,134.514436F, 125
1448486368,48.847324,2.367163,136.482940F, 122
1448486369,48.847337,2.367169,138.451444F, 120
1448486370,48.847353,2.367173,139.763780F, 119
1448486371,48.847365,2.367174,139.763780F, 117
1448486372,48.847381,2.367177,141.732284F, 116
1448486373,48.847392,2.367180,141.076116F, 114
1448486374,48.847400,2.367189,141.732284F, 113
1448486375,48.847408,2.367194,141.732284F, 112
1448486376,48.847417,2.367199,142.388452F, 111
1448486377,48.847425,2.367204,141.732284F, 111
1448486378,48.847435,2.367210,141.732284F, 110
1448486379,48.847448,2.367216,141.076116F, 111
1448486380,48.847463,2.367223,141.076116F, 111
1448486381,48.847480,2.367234,139.763780F, 111
1448486382,48.847509,2.367247,140.419948F, 113
1448486383,48.847543,2.367263,140.419948F, 115
1448486384,48.847591,2.367286,137.795276F, 118
1448486385,48.847643,2.367308,139.763780F, 121
1448486386,48.847696,2.367334,139.107612F, 122
1448486387,48.847747,2.367353,137.795276F, 122
1448486388,48.847797,2.367371,137.795276F, 122
1448486389,48.847845,2.367384,137.139108F, 124
1448486390,48.847891,2.367396,137.139108F, 125
1448486391,48.847937,2.367408,137.139108F, 125
1448486392,48.847984,2.367404,140.419948F, 125
1448486393,48.848028,2.367408,142.388452F, 125
1448486394,48.848064,2.367414,140.419948F, 125
1448486395,48.848101,2.367425,139.763780F, 125
1448486396,48.848143,2.367444,139.107612F, 125
1448486397,48.848184,2.367462,137.795276F, 126
1448486398,48.848228,2.367484,134.514436F, 126
1448486399,48.848270,2.367505,133.202100F, 126
1448486400,48.848313,2.367523,131.889764F, 129
1448486401,48.848359,2.367537,129.265092F, 129
1448486402,48.848400,2.367562,126.640420F, 130
1448486403,48.848443,2.367586,124.015748F, 130
1448486404,48.848488,2.367609,120.734908F, 132
1448486405,48.848532,2.367634,117.454068F, 133
1448486406,48.848576,2.367677,113.517061F, 134
1448486407,48.848617,2.367701,109.580053F, 135
1448486408,48.848661,2.367737,107.611549F, 139
1448486409,48.848703,2.367775,103.674541F, 139
1448486410,48.848741,2.367806,102.362205F, 142
1448486411,48.848779,2.367846,99.081365F, 145
1448486412,48.848816,2.367871,98.425197F, 145
1448486413,48.848856,2.367900,97.769029F, 146
1448486414,48.848901,2.367929,97.769029F, 149
1448486415,48.848952,2.367953,97.112861F, 150
1448486416,48.848994,2.367978,96.456693F, 152
1448486417,48.849044,2.367999,99.081365F, 154
1448486418,48.849089,2.368016,101.706037F, 155
1448486419,48.849136,2.368033,103.674541F, 156
1448486420,48.849186,2.368048,104.330709F, 158
1448486421,48.849234,2.368072,104.330709F, 159
1448486422,48.849279,2.368093,104.986877F, 160
1448486423,48.849320,2.368112,104.986877F, 160
1448486424,48.849357,2.368134,104.986877F, 160
1448486425,48.849399,2.368152,104.330709F, 162
1448486426,48.849439,2.368174,102.362205F, 163
1448486427,48.849481,2.368195,102.362205F, 163
1448486428,48.849523,2.368212,101.049869F, 164
1448486429,48.849565,2.368228,101.706037F, 166
1448486430,48.849607,2.368244,100.393701F, 166
1448486431,48.849650,2.368254,101.706037F, 166
1448486432,48.849694,2.368268,103.674541F, 167
1448486433,48.849737,2.368285,102.362205F, 167
1448486434,48.849778,2.368307,99.081365F, 168
1448486435,48.849820,2.368324,98.425197F, 169
1448486436,48.849862,2.368344,97.112861F, 169
1448486437,48.849900,2.368357,97.112861F, 171
1448486438,48.849938,2.368374,96.456693F, 173
1448486439,48.849976,2.368389,97.112861F, 173
1448486440,48.850007,2.368404,97.769029F, 174
1448486441,48.850030,2.368418,97.769029F, 175
1448486442,48.850046,2.368430,97.112861F, 175
1448486443,48.850057,2.368439,96.456693F, 175
1448486444,48.850068,2.368447,96.456693F, 175
1448486445,48.850078,2.368454,95.800525F, 174
1448486446,48.850088,2.368458,97.112861F, 174
1448486447,48.850100,2.368459,97.769029F, 174
1448486448,48.850115,2.368461,99.081365F, 173
1448486449,48.850129,2.368464,101.049869F, 173
1448486450,48.850139,2.368467,103.018373F, 172
1448486451,48.850150,2.368470,104.986877F, 172
1448486452,48.850162,2.368475,106.955381F, 172
1448486453,48.850172,2.368479,108.267717F, 171
1448486454,48.850178,2.368482,108.923885F, 171
1448486455,48.850190,2.368487,111.548557F, 171
1448486456,48.850202,2.368493,113.517061F, 170
1448486457,48.850212,2.368501,114.173229F, 170
1448486458,48.850222,2.368506,115.485564F, 170
1448486459,48.850234,2.368512,116.141732F, 169
1448486460,48.850243,2.368519,118.110236F, 168
1448486461,48.850252,2.368526,119.422572F, 168
1448486462,48.850262,2.368536,118.766404F, 167
1448486463,48.850269,2.368551,117.454068F, 166
1448486464,48.850275,2.368564,116.141732F, 165
1448486465,48.850285,2.368576,116.797900F, 165
1448486466,48.850297,2.368585,117.454068F, 164
1448486467,48.850310,2.368589,117.454068F, 162
1448486468,48.850318,2.368595,116.797900F, 161
1448486469,48.850327,2.368601,117.454068F, 159
1448486470,48.850339,2.368603,118.110236F, 157
1448486471,48.850352,2.368608,119.422572F, 154
1448486472,48.850364,2.368612,119.422572F, 153
1448486473,48.850374,2.368617,120.078740F, 151
1448486474,48.850383,2.368623,120.078740F, 148
1448486475,48.850393,2.368630,120.734908F, 147
1448486476,48.850404,2.368637,120.734908F, 145
1448486477,48.850413,2.368642,120.734908F, 142
1448486478,48.850426,2.368649,122.047244F, 139
1448486479,48.850440,2.368656,123.359580F, 136
1448486480,48.850450,2.368659,123.359580F, 134
1448486481,48.850460,2.368660,122.703412F, 132
1448486482,48.850472,2.368663,123.359580F, 131
1448486483,48.850482,2.368667,123.359580F, 129
1448486484,48.850490,2.368672,122.047244F, 126
1448486485,48.850502,2.368678,122.703412F, 124
1448486486,48.850511,2.368678,124.015748F, 123
1448486487,48.850525,2.368676,125.984252F, 120
1448486488,48.850544,2.368675,127.952756F, 119
1448486489,48.850560,2.368679,128.608924F, 117
1448486490,48.850574,2.368683,128.608924F, 116
1448486491,48.850587,2.368687,129.921260F, 115
1448486492,48.850598,2.368691,130.577428F, 114
1448486493,48.850608,2.368699,129.921260F, 114
1448486494,48.850619,2.368709,127.296588F, 115
1448486495,48.850631,2.368721,123.359580F, 116
1448486496,48.850645,2.368730,122.703412F, 116
1448486497,48.850658,2.368739,122.703412F, 116
1448486498,48.850676,2.368749,122.047244F, 116
1448486499,48.850699,2.368754,121.391076F, 117
1448486500,48.850726,2.368762,121.391076F, 118
1448486501,48.850759,2.368777,122.703412F, 119
1448486502,48.850795,2.368798,123.359580F, 123
1448486503,48.850836,2.368819,120.078740F, 125
1448486504,48.850881,2.368842,118.766404F, 129
1448486505,48.850927,2.368861,117.454068F, 132
1448486506,48.850978,2.368878,116.797900F, 134
1448486507,48.851026,2.368895,116.141732F, 134
1448486508,48.851073,2.368922,114.829397F, 135
1448486509,48.851119,2.368951,112.860893F, 142
1448486510,48.851166,2.368978,112.860893F, 143
1448486511,48.851209,2.369005,111.548557F, 148
1448486512,48.851256,2.369028,111.548557F, 152
1448486513,48.851304,2.369049,110.892389F, 153
1448486514,48.851349,2.369072,110.236221F, 155
1448486515,48.851394,2.369087,110.236221F, 158
1448486516,48.851440,2.369099,111.548557F, 159
1448486517,48.851484,2.369111,110.892389F, 161
1448486518,48.851529,2.369119,111.548557F, 162
1448486519,48.851575,2.369130,110.892389F, 164
1448486520,48.851620,2.369141,110.892389F, 165
1448486521,48.851664,2.369151,110.236221F, 166
1448486522,48.851706,2.369162,108.923885F, 167
1448486523,48.851754,2.369178,108.923885F, 168
1448486524,48.851803,2.369193,108.923885F, 169
1448486525,48.851854,2.369214,108.267717F, 170
1448486526,48.851902,2.369239,108.923885F, 171
1448486527,48.851943,2.369263,108.923885F, 171
1448486528,48.851983,2.369277,110.236221F, 172
1448486529,48.852019,2.369276,111.548557F, 173
1448486530,48.852056,2.369262,112.204725F, 173
1448486531,48.852096,2.369245,113.517061F, 173
1448486532,48.852138,2.369219,114.829397F, 174
1448486533,48.852182,2.369195,115.485564F, 175
1448486534,48.852224,2.369172,116.141732F, 175
1448486535,48.852265,2.369151,115.485564F, 175
1448486536,48.852307,2.369131,114.829397F, 176
1448486537,48.852348,2.369116,114.829397F, 176
1448486538,48.852389,2.369095,114.829397F, 176
1448486539,48.852428,2.369067,114.173229F, 176
1448486540,48.852462,2.369033,113.517061F, 177
1448486541,48.852492,2.368987,112.860893F, 177
1448486542,48.852518,2.368933,111.548557F, 177
1448486543,48.852539,2.368871,108.923885F, 178
1448486544,48.852554,2.368807,108.923885F, 177
1448486545,48.852563,2.368743,108.923885F, 178
1448486546,48.852565,2.368683,109.580053F, 178
1448486547,48.852557,2.368626,108.923885F, 178
1448486548,48.852546,2.368569,109.580053F, 178
1448486549,48.852530,2.368516,110.236221F, 179
1448486550,48.852508,2.368462,109.580053F, 179
1448486551,48.852478,2.368406,107.611549F, 179
1448486552,48.852446,2.368356,105.643045F, 178
1448486553,48.852411,2.368310,103.674541F, 179
1448486554,48.852376,2.368265,101.706037F, 179
1448486555,48.852342,2.368221,99.737533F, 179
1448486556,48.852307,2.368178,100.393701F, 179
1448486557,48.852265,2.368140,100.393701F, 180
1448486558,48.852218,2.368106,99.737533F, 181
1448486559,48.852171,2.368082,99.737533F, 180
1448486560,48.852126,2.368063,101.049869F, 180
1448486561,48.852081,2.368043,101.706037F, 180
1448486562,48.852035,2.368019,101.706037F, 180
1448486563,48.851987,2.367996,101.049869F, 180
1448486564,48.851938,2.367978,102.362205F, 180
1448486565,48.851889,2.367963,104.986877F, 180
1448486566,48.851844,2.367942,106.299213F, 180
1448486567,48.851801,2.367922,106.955381F, 180
1448486568,48.851758,2.367901,106.299213F, 180
1448486569,48.851713,2.367879,105.643045F, 180
1448486570,48.851670,2.367855,105.643045F, 181
1448486571,48.851627,2.367833,105.643045F, 180
1448486572,48.851586,2.367810,107.611549F, 181
1448486573,48.851547,2.367788,108.923885F, 181
1448486574,48.851509,2.367764,110.236221F, 181
1448486575,48.851468,2.367740,112.204725F, 181
1448486576,48.851428,2.367717,112.204725F, 181
1448486577,48.851389,2.367698,113.517061F, 182
1448486578,48.851350,2.367680,114.829397F, 182
1448486579,48.851313,2.367665,116.797900F, 181
1448486580,48.851273,2.367652,118.110236F, 182
1448486581,48.851234,2.367638,118.766404F, 182
1448486582,48.851197,2.367620,118.766404F, 181
1448486583,48.851159,2.367602,118.766404F, 182
1448486584,48.851122,2.367582,120.078740F, 182
1448486585,48.851083,2.367564,122.047244F, 182
1448486586,48.851047,2.367546,124.671916F, 182
1448486587,48.851006,2.367531,126.640420F, 182
1448486588,48.850967,2.367511,127.296588F, 182
1448486589,48.850930,2.367494,127.952756F, 182
1448486590,48.850900,2.367475,128.608924F, 181
1448486591,48.850871,2.367459,129.265092F, 181
1448486592,48.850838,2.367446,131.233596F, 181
1448486593,48.850800,2.367436,133.202100F, 181
1448486594,48.850765,2.367426,135.170604F, 182
1448486595,48.850728,2.367413,136.482940F, 181
1448486596,48.850689,2.367395,137.795276F, 182
1448486597,48.850651,2.367378,138.451444F, 182
1448486598,48.850614,2.367360,138.451444F, 182
1448486599,48.850579,2.367340,139.107612F, 183
1448486600,48.850541,2.367320,139.763780F, 182
1448486601,48.850496,2.367304,138.451444F, 182
1448486602,48.850450,2.367290,138.451444F, 182
1448486603,48.850408,2.367276,139.763780F, 182
1448486604,48.850368,2.367265,139.763780F, 182
1448486605,48.850327,2.367253,139.763780F, 182
1448486606,48.850286,2.367238,139.763780F, 182
1448486607,48.850244,2.367221,140.419948F, 182
1448486608,48.850202,2.367209,141.076116F, 182
1448486609,48.850164,2.367198,143.700788F, 182
1448486610,48.850124,2.367191,146.981628F, 181
1448486611,48.850084,2.367181,149.606299F, 181
1448486612,48.850041,2.367170,152.230971F, 181
1448486613,48.849998,2.367156,154.855643F, 180
1448486614,48.849953,2.367143,158.792651F, 181
1448486615,48.849902,2.367103,148.950131F, 181
1448486616,48.849854,2.367066,139.763780F, 180
1448486617,48.849812,2.367037,135.170604F, 181
1448486618,48.849776,2.367013,133.858268F, 180
1448486619,48.849739,2.366987,130.577428F, 180
1448486620,48.849709,2.366964,127.296588F, 180
1448486621,48.849688,2.366951,125.984252F, 180
1448486622,48.849678,2.366936,125.328084F, 180
1448486623,48.849667,2.366928,123.359580F, 179
1448486624,48.849657,2.366920,121.391076F, 179
1448486625,48.849649,2.366911,119.422572F, 178
1448486626,48.849638,2.366898,118.766404F, 178
1448486627,48.849629,2.366887,118.110236F, 178
1448486628,48.849619,2.366878,118.766404F, 177
1448486629,48.849609,2.366867,119.422572F, 177
1448486630,48.849596,2.366859,120.078740F, 176
1448486631,48.849584,2.366848,118.110236F, 176
1448486632,48.849573,2.366834,116.797900F, 176
1448486633,48.849561,2.366827,116.797900F, 175
1448486634,48.849554,2.366820,115.485564F, 175
1448486635,48.849546,2.366815,114.173229F, 174
1448486636,48.849536,2.366807,116.141732F, 174
1448486637,48.849527,2.366801,114.829397F, 174
1448486638,48.849517,2.366791,112.860893F, 174
1448486639,48.849503,2.366788,112.204725F, 173
1448486640,48.849485,2.366789,112.860893F, 172
1448486641,48.849471,2.366788,112.860893F, 171
1448486642,48.849457,2.366787,112.860893F, 169
1448486643,48.849446,2.366785,112.204725F, 169
1448486644,48.849438,2.366779,112.204725F, 168
1448486645,48.849425,2.366776,111.548557F, 167
1448486646,48.849416,2.366771,110.892389F, 165
1448486647,48.849405,2.366763,109.580053F, 163
1448486648,48.849394,2.366757,108.923885F, 161
1448486649,48.849383,2.366750,108.267717F, 160
1448486650,48.849372,2.366743,108.267717F, 159
1448486651,48.849358,2.366737,106.955381F, 157
1448486652,48.849345,2.366737,107.611549F, 155
1448486653,48.849335,2.366733,108.923885F, 153
1448486654,48.849324,2.366728,109.580053F, 150
1448486655,48.849313,2.366721,110.236221F, 148
1448486656,48.849302,2.366714,110.892389F, 146
1448486657,48.849291,2.366707,112.204725F, 143
1448486658,48.849278,2.366698,114.173229F, 142
1448486659,48.849262,2.366689,115.485564F, 142
1448486660,48.849249,2.366683,116.797900F, 140
1448486661,48.849236,2.366677,118.110236F, 138
1448486662,48.849222,2.366671,119.422572F, 136
1448486663,48.849208,2.366666,120.078740F, 134
1448486664,48.849193,2.366660,120.734908F, 133
1448486665,48.849180,2.366652,120.078740F, 131
1448486666,48.849166,2.366645,121.391076F, 129
1448486667,48.849152,2.366639,122.047244F, 127
1448486668,48.849136,2.366632,122.703412F, 127
1448486669,48.849121,2.366623,122.047244F, 125
1448486670,48.849109,2.366616,122.047244F, 124
1448486671,48.849096,2.366614,122.703412F, 123
1448486672,48.849080,2.366613,124.015748F, 122
1448486673,48.849066,2.366611,124.015748F, 122
1448486674,48.849052,2.366614,124.015748F, 120
1448486675,48.849041,2.366612,123.359580F, 119
1448486676,48.849033,2.366607,123.359580F, 118
1448486677,48.849016,2.366607,124.671916F, 118
1448486678,48.849005,2.366607,124.015748F, 117
1448486679,48.848991,2.366600,122.703412F, 117
1448486680,48.848974,2.366589,122.047244F, 116
1448486681,48.848950,2.366577,122.703412F, 117
1448486682,48.848917,2.366560,122.047244F, 118
1448486683,48.848882,2.366541,121.391076F, 120
1448486684,48.848841,2.366522,119.422572F, 121
1448486685,48.848801,2.366502,118.110236F, 124
1448486686,48.848761,2.366486,118.766404F, 127
1448486687,48.848725,2.366469,118.766404F, 127
1448486688,48.848686,2.366453,118.766404F, 129
1448486689,48.848647,2.366438,118.766404F, 131
1448486690,48.848609,2.366422,119.422572F, 132
1448486691,48.848570,2.366404,119.422572F, 133
1448486692,48.848534,2.366385,119.422572F, 134
1448486693,48.848496,2.366367,119.422572F, 135
1448486694,48.848462,2.366351,118.766404F, 137
1448486695,48.848426,2.366336,119.422572F, 139
1448486696,48.848391,2.366320,118.110236F, 140
1448486697,48.848355,2.366304,117.454068F, 140
1448486698,48.848319,2.366288,117.454068F, 142
1448486699,48.848282,2.366271,117.454068F, 142
1448486700,48.848247,2.366257,118.110236F, 143
1448486701,48.848211,2.366241,117.454068F, 143
1448486702,48.848174,2.366227,115.485564F, 144
1448486703,48.848139,2.366214,115.485564F, 144
1448486704,48.848102,2.366198,113.517061F, 144
1448486705,48.848067,2.366183,112.204725F, 145
1448486706,48.848031,2.366167,111.548557F, 146
1448486707,48.847993,2.366149,110.892389F, 147
1448486708,48.847958,2.366132,110.892389F, 147
1448486709,48.847925,2.366114,110.236221F, 148
1448486710,48.847893,2.366093,108.923885F, 149
1448486711,48.847861,2.366070,108.923885F, 148
1448486712,48.847831,2.366041,106.955381F, 149
1448486713,48.847798,2.366017,106.955381F, 149
1448486714,48.847765,2.365989,105.643045F, 150
1448486715,48.847734,2.365962,104.986877F, 150
1448486716,48.847700,2.365938,102.362205F, 150
1448486717,48.847665,2.365918,100.393701F, 151
1448486718,48.847631,2.365899,98.425197F, 151
1448486719,48.847595,2.365885,96.456693F, 152
1448486720,48.847569,2.365857,97.112861F, 152
1448486721,48.847545,2.365822,95.144357F, 153
1448486722,48.847535,2.365775,91.207349F, 153
1448486723,48.847534,2.365719,88.582677F, 154
1448486724,48.847544,2.365668,86.614173F, 154
1448486725,48.847560,2.365618,84.645669F, 155
1448486726,48.847581,2.365574,84.645669F, 155
1448486727,48.847604,2.365532,83.989501F, 156
1448486728,48.847628,2.365494,83.989501F, 156
1448486729,48.847653,2.365456,82.020998F, 156
1448486730,48.847680,2.365420,80.708662F, 157
1448486731,48.847707,2.365387,79.396326F, 157
1448486732,48.847734,2.365356,78.083990F, 157
1448486733,48.847757,2.365326,76.115486F, 158
1448486734,48.847788,2.365297,74.803150F, 158
1448486735,48.847811,2.365268,72.178478F, 159
1448486736,48.847838,2.365241,70.866142F, 160
1448486737,48.847867,2.365214,69.553806F, 160
1448486738,48.847889,2.365187,68.897638F, 160
1448486739,48.847910,2.365162,66.929134F, 161
1448486740,48.847939,2.365141,66.929134F, 161
1448486741,48.847963,2.365118,65.616798F, 162
1448486742,48.847993,2.365097,64.304462F, 162
1448486743,48.848021,2.365081,63.648294F, 162
1448486744,48.848054,2.365062,63.648294F, 163
1448486745,48.848078,2.365056,63.648294F, 163
1448486746,48.848106,2.365050,65.616798F, 164
1448486747,48.848122,2.365033,68.897638F, 164
1448486748,48.848149,2.365003,71.522310F, 164
1448486749,48.848165,2.364971,73.490814F, 164
1448486750,48.848196,2.364940,79.396326F, 165
1448486751,48.848224,2.364919,80.708662F, 165
1448486752,48.848254,2.364900,83.333333F, 165
1448486753,48.848283,2.364881,85.958005F, 165
1448486754,48.848316,2.364865,87.926509F, 166
1448486755,48.848347,2.364847,88.582677F, 166
1448486756,48.848379,2.364824,92.519685F, 165
1448486757,48.848411,2.364804,93.832021F, 166
1448486758,48.848448,2.364779,97.769029F, 166
1448486759,48.848475,2.364760,99.737533F, 166
1448486760,48.848507,2.364740,103.018373F, 166
1448486761,48.848532,2.364727,104.986877F, 165
1448486762,48.848556,2.364709,105.643045F, 166
1448486763,48.848577,2.364687,107.611549F, 165
1448486764,48.848604,2.364670,108.923885F, 165
1448486765,48.848629,2.364648,108.923885F, 165
1448486766,48.848662,2.364624,111.548557F, 164
1448486767,48.848687,2.364596,112.204725F, 164
1448486768,48.848720,2.364565,114.173229F, 165
1448486769,48.848802,2.364558,138.451444F, 164
1448486770,48.848853,2.364518,141.732284F, 164
1448486771,48.848889,2.364476,139.107612F, 164
1448486772,48.848922,2.364441,139.107612F, 164
1448486773,48.848955,2.364410,141.076116F, 163
1448486774,48.848988,2.364377,145.013124F, 163
1448486775,48.849031,2.364353,152.230971F, 164
1448486776,48.849071,2.364329,157.480315F, 163
1448486777,48.849100,2.364303,159.448819F, 164
1448486778,48.849131,2.364277,161.417323F, 163
1448486779,48.849162,2.364252,163.385827F, 164
1448486780,48.849194,2.364226,164.041995F, 163
1448486781,48.849230,2.364197,165.354331F, 163
1448486782,48.849263,2.364173,167.322835F, 163
1448486783,48.849296,2.364145,167.979003F, 164
1448486784,48.849329,2.364116,170.603675F, 163
1448486785,48.849361,2.364086,170.603675F, 163
1448486786,48.849387,2.364062,170.603675F, 163
1448486787,48.849415,2.364037,171.916011F, 163
1448486788,48.849445,2.364007,169.291339F, 162
1448486789,48.849486,2.363966,165.354331F, 163
1448486790,48.849522,2.363926,162.729659F, 162
1448486791,48.849563,2.363886,162.729659F, 163
1448486792,48.849601,2.363845,161.417323F, 163
1448486793,48.849635,2.363804,159.448819F, 162
1448486794,48.849671,2.363766,158.136483F, 163
1448486795,48.849699,2.363730,158.792651F, 163
1448486796,48.849730,2.363691,156.824147F, 163
1448486797,48.849757,2.363645,155.511811F, 163
1448486798,48.849789,2.363606,151.574803F, 164
1448486799,48.849818,2.363575,147.637796F, 164
1448486800,48.849846,2.363543,145.013124F, 164
1448486801,48.849869,2.363503,143.044620F, 164
1448486802,48.849888,2.363461,143.044620F, 164
1448486803,48.849892,2.363408,144.356956F, 164
1448486804,48.849881,2.363333,152.230971F, 164
1448486805,48.849890,2.363297,151.574803F, 163
1448486806,48.849900,2.363251,153.543307F, 164
1448486807,48.849898,2.363178,150.262467F, 164
1448486808,48.849896,2.363099,150.918635F, 163
1448486809,48.849917,2.363058,145.013124F, 163
1448486810,48.849942,2.363016,141.076116F, 163
1448486811,48.849933,2.362950,143.700788F, 164
1448486812,48.849949,2.362901,145.669292F, 163
1448486813,48.849961,2.362853,143.044620F, 164
1448486814,48.849981,2.362807,139.763780F, 164
1448486815,48.849999,2.362770,135.170604F, 164
1448486816,48.850022,2.362737,132.545932F, 163
1448486817,48.850042,2.362703,128.608924F, 164
1448486818,48.850067,2.362667,126.640420F, 164
1448486819,48.850088,2.362634,123.359580F, 165
1448486820,48.850174,2.362611,142.388452F, 164
1448486821,48.850231,2.362589,152.230971F, 164
1448486822,48.850282,2.362564,159.448819F, 165
1448486823,48.850306,2.362531,156.167979F, 165
1448486824,48.850328,2.362490,154.199475F, 165
1448486825,48.850354,2.362456,151.574803F, 165
1448486826,48.850382,2.362435,148.950131F, 165
1448486827,48.850401,2.362416,144.356956F, 165
1448486828,48.850422,2.362397,139.763780F, 165
1448486829,48.850451,2.362370,135.826772F, 165
1448486830,48.850475,2.362342,129.921260F, 165
1448486831,48.850496,2.362313,121.391076F, 165
1448486832,48.850512,2.362284,114.173229F, 165
1448486833,48.850525,2.362256,106.299213F, 165
1448486834,48.850545,2.362228,99.737533F, 165
1448486835,48.850573,2.362203,95.144357F, 165
1448486836,48.850596,2.362174,91.863517F, 165
1448486837,48.850623,2.362147,89.895013F, 165
1448486838,48.850645,2.362131,86.614173F, 165
1448486839,48.850665,2.362125,83.333333F, 164
1448486840,48.850679,2.362123,75.459318F, 164
1448486841,48.850697,2.362119,71.522310F, 163
1448486842,48.850698,2.362112,65.616798F, 163
1448486843,48.850700,2.362103,61.679790F, 162
1448486844,48.850705,2.362095,59.055118F, 162
1448486845,48.850712,2.362087,57.742782F, 162
1448486846,48.850719,2.362071,56.430446F, 161
1448486847,48.850726,2.362056,55.118110F, 161
1448486848,48.850735,2.362044,54.461942F, 160
1448486849,48.850743,2.362031,53.805774F, 160
1448486850,48.850756,2.362020,52.493438F, 159
1448486851,48.850765,2.362010,50.524934F, 159
1448486852,48.850780,2.362000,51.837270F, 158
1448486853,48.850796,2.361992,55.118110F, 157
1448486854,48.850805,2.361982,57.086614F, 156
1448486855,48.850807,2.361969,57.742782F, 155
1448486856,48.850812,2.361956,59.711286F, 154
1448486857,48.850813,2.361943,61.023622F, 152
1448486858,48.850813,2.361926,61.023622F, 149
1448486859,48.850814,2.361908,61.023622F, 146
1448486860,48.850818,2.361894,59.711286F, 144
1448486861,48.850820,2.361883,60.367454F, 142
1448486862,48.850820,2.361872,61.679790F, 139
1448486863,48.850815,2.361858,61.679790F, 137
1448486864,48.850812,2.361845,62.335958F, 136
1448486865,48.850807,2.361838,64.304462F, 135
1448486866,48.850798,2.361831,66.272966F, 133
1448486867,48.850797,2.361816,66.929134F, 130
1448486868,48.850797,2.361803,68.897638F, 128
1448486869,48.850797,2.361787,70.209974F, 124
1448486870,48.850793,2.361773,70.209974F, 122
1448486871,48.850807,2.361764,78.740158F, 120
1448486872,48.850802,2.361754,78.740158F, 120
1448486873,48.850800,2.361741,80.708662F, 120
1448486874,48.850803,2.361727,83.989501F, 120
1448486875,48.850802,2.361709,86.614173F, 119
1448486876,48.850802,2.361694,86.614173F, 118
1448486877,48.850805,2.361677,87.270341F, 117
1448486878,48.850809,2.361660,89.238845F, 116
1448486879,48.850814,2.361647,90.551181F, 115
1448486880,48.850825,2.361636,93.832021F, 115
1448486881,48.850831,2.361629,94.488189F, 114
1448486882,48.850840,2.361624,95.144357F, 113
1448486883,48.850857,2.361613,96.456693F, 113
1448486884,48.850871,2.361598,98.425197F, 112
1448486885,48.850896,2.361571,99.081365F, 113
1448486886,48.850919,2.361532,98.425197F, 114
1448486887,48.850930,2.361481,97.112861F, 114
1448486888,48.850928,2.361427,97.112861F, 117
1448486889,48.850911,2.361372,97.769029F, 117
1448486890,48.850886,2.361309,96.456693F, 117
1448486891,48.850861,2.361238,96.456693F, 126
1448486892,48.850830,2.361161,95.144357F, 128
1448486893,48.850801,2.361082,95.800525F, 134
1448486894,48.850773,2.360998,96.456693F, 138
1448486895,48.850750,2.360917,95.800525F, 143
1448486896,48.850728,2.360843,96.456693F, 145
1448486897,48.850706,2.360774,96.456693F, 150
1448486898,48.850682,2.360705,97.112861F, 151
1448486899,48.850660,2.360639,97.769029F, 155
1448486900,48.850638,2.360572,98.425197F, 157
1448486901,48.850617,2.360505,98.425197F, 160
1448486902,48.850596,2.360437,97.112861F, 161
1448486903,48.850573,2.360370,97.769029F, 163
1448486904,48.850554,2.360306,97.112861F, 163
1448486905,48.850546,2.360247,98.425197F, 165
1448486906,48.850544,2.360193,97.112861F, 165
1448486907,48.850551,2.360146,96.456693F, 166
1448486908,48.850567,2.360108,95.800525F, 166
1448486909,48.850591,2.360085,94.488189F, 167
1448486910,48.850620,2.360077,94.488189F, 166
1448486911,48.850648,2.360079,93.832021F, 167
1448486912,48.850674,2.360082,93.832021F, 166
1448486913,48.850703,2.360087,92.519685F, 167
1448486914,48.850734,2.360092,92.519685F, 167
1448486915,48.850765,2.360101,91.207349F, 167
1448486916,48.850794,2.360111,90.551181F, 167
1448486917,48.850822,2.360117,89.895013F, 167
1448486918,48.850850,2.360124,88.582677F, 166
1448486919,48.850881,2.360128,86.614173F, 166
1448486920,48.850911,2.360131,83.989501F, 165
1448486921,48.850946,2.360124,83.333333F, 165
1448486922,48.850974,2.360119,82.677165F, 164
1448486923,48.850999,2.360111,82.020998F, 165
1448486924,48.851025,2.360101,81.364830F, 165
1448486925,48.851050,2.360092,82.020998F, 165
1448486926,48.851074,2.360076,81.364830F, 165
1448486927,48.851094,2.360064,81.364830F, 165
1448486928,48.851112,2.360046,81.364830F, 165
1448486929,48.851130,2.360024,80.708662F, 164
1448486930,48.851153,2.360000,80.052494F, 164
1448486931,48.851168,2.359979,79.396326F, 165
1448486932,48.851190,2.359955,79.396326F, 165
1448486933,48.851213,2.359929,80.052494F, 165
1448486934,48.851237,2.359901,79.396326F, 164
1448486935,48.851261,2.359872,79.396326F, 164
1448486936,48.851289,2.359849,80.052494F, 163
1448486937,48.851315,2.359827,79.396326F, 163
1448486938,48.851337,2.359803,78.740158F, 163
1448486939,48.851359,2.359775,80.052494F, 163
1448486940,48.851383,2.359737,80.052494F, 163
1448486941,48.851400,2.359698,78.740158F, 162
1448486942,48.851420,2.359658,78.083990F, 162
1448486943,48.851445,2.359619,80.052494F, 162
1448486944,48.851463,2.359552,70.866142F, 162
1448486945,48.851485,2.359501,66.272966F, 162
1448486946,48.851507,2.359458,63.648294F, 162
1448486947,48.851519,2.359411,57.742782F, 162
1448486948,48.851534,2.359372,54.461942F, 162
1448486949,48.851547,2.359331,51.181102F, 161
1448486950,48.851562,2.359294,49.212598F, 161
1448486951,48.851580,2.359258,49.212598F, 161
1448486952,48.851598,2.359219,49.868766F, 160
1448486953,48.851617,2.359178,51.837270F, 161
1448486954,48.851638,2.359137,53.149606F, 161
1448486955,48.851657,2.359096,53.149606F, 160
1448486956,48.851674,2.359055,53.149606F, 160
1448486957,48.851691,2.359013,53.805774F, 161
1448486958,48.851707,2.358973,53.149606F, 161
1448486959,48.851728,2.358935,54.461942F, 161
1448486960,48.851740,2.358893,53.805774F, 161
1448486961,48.851760,2.358851,53.805774F, 161
1448486962,48.851771,2.358803,53.149606F, 161
1448486963,48.851789,2.358761,52.493438F, 161
1448486964,48.851807,2.358717,52.493438F, 161
1448486965,48.851826,2.358670,52.493438F, 162
1448486966,48.851844,2.358624,51.837270F, 162
1448486967,48.851864,2.358577,52.493438F, 162
1448486968,48.851882,2.358533,53.149606F, 162
1448486969,48.851903,2.358491,53.149606F, 162
1448486970,48.851923,2.358448,53.805774F, 163
1448486971,48.851946,2.358403,54.461942F, 163
1448486972,48.851966,2.358361,55.774278F, 163
1448486973,48.851984,2.358320,57.086614F, 163
1448486974,48.851998,2.358280,57.086614F, 163
1448486975,48.852012,2.358237,57.742782F, 163
1448486976,48.852024,2.358195,57.086614F, 164
1448486977,48.852037,2.358152,57.086614F, 164
1448486978,48.852050,2.358110,58.398950F, 163
1448486979,48.852065,2.358069,59.055118F, 164
1448486980,48.852083,2.358029,60.367454F, 164
1448486981,48.852093,2.357989,61.679790F, 164
1448486982,48.852106,2.357945,62.335958F, 164
1448486983,48.852118,2.357900,62.992126F, 164
1448486984,48.852132,2.357854,64.304462F, 163
1448486985,48.852147,2.357810,65.616798F, 164
1448486986,48.852162,2.357769,66.272966F, 164
1448486987,48.852175,2.357731,66.929134F, 163
1448486988,48.852195,2.357690,66.929134F, 163
1448486989,48.852212,2.357650,66.929134F, 163
1448486990,48.852223,2.357609,64.960630F, 163
1448486991,48.852234,2.357567,62.992126F, 163
1448486992,48.852241,2.357524,60.367454F, 162
1448486993,48.852250,2.357481,57.742782F, 162
1448486994,48.852259,2.357439,55.774278F, 162
1448486995,48.852275,2.357397,56.430446F, 163
1448486996,48.852294,2.357357,57.742782F, 163
1448486997,48.852312,2.357319,59.055118F, 162
1448486998,48.852329,2.357279,61.023622F, 163
1448486999,48.852349,2.357239,62.992126F, 163
1448487000,48.852363,2.357198,62.992126F, 163
1448487001,48.852378,2.357153,62.992126F, 163
1448487002,48.852397,2.357108,66.272966F, 164
1448487003,48.852416,2.357062,67.585302F, 164
1448487004,48.852432,2.357015,67.585302F, 165
1448487005,48.852450,2.356966,68.241470F, 165
1448487006,48.852476,2.356912,70.866142F, 165
1448487007,48.852499,2.356854,72.178478F, 166
1448487008,48.852520,2.356791,71.522310F, 166
1448487009,48.852541,2.356724,70.866142F, 167
1448487010,48.852568,2.356658,72.178478F, 167
1448487011,48.852592,2.356587,72.178478F, 168
1448487012,48.852614,2.356517,72.834646F, 169
1448487013,48.852638,2.356448,74.146982F, 170
1448487014,48.852665,2.356382,75.459318F, 171
1448487015,48.852693,2.356318,75.459318F, 172
1448487016,48.852716,2.356252,74.146982F, 173
1448487017,48.852738,2.356185,73.490814F, 173
1448487018,48.852757,2.356115,72.178478F, 175
1448487019,48.852777,2.356045,71.522310F, 175
1448487020,48.852794,2.355975,70.866142F, 176
1448487021,48.852813,2.355908,70.209974F, 177
1448487022,48.852837,2.355842,69.553806F, 177
1448487023,48.852861,2.355779,68.897638F, 178
1448487024,48.852883,2.355715,68.241470F, 179
1448487025,48.852905,2.355653,68.897638F, 180
1448487026,48.852927,2.355592,68.897638F, 179
1448487027,48.852949,2.355528,68.241470F, 180
1448487028,48.852970,2.355462,68.241470F, 180
1448487029,48.852988,2.355396,66.272966F, 181
1448487030,48.853003,2.355327,65.616798F, 181
1448487031,48.853021,2.355259,64.960630F, 181
1448487032,48.853034,2.355185,62.992126F, 181
1448487033,48.853054,2.355117,64.304462F, 181
1448487034,48.853071,2.355055,64.304462F, 182
1448487035,48.853091,2.354992,63.648294F, 181
1448487036,48.853114,2.354930,63.648294F, 181
1448487037,48.853132,2.354869,62.992126F, 182
1448487038,48.853150,2.354802,62.992126F, 182
1448487039,48.853170,2.354739,62.992126F, 182
1448487040,48.853187,2.354673,61.679790F, 182
1448487041,48.853200,2.354608,59.711286F, 182
1448487042,48.853217,2.354546,60.367454F, 182
1448487043,48.853237,2.354488,61.023622F, 183
1448487044,48.853258,2.354433,62.335958F, 183
1448487045,48.853274,2.354378,63.648294F, 183
1448487046,48.853291,2.354328,62.992126F, 183
1448487047,48.853308,2.354278,62.992126F, 183
1448487048,48.853326,2.354230,62.992126F, 183
1448487049,48.853340,2.354188,62.992126F, 182
1448487050,48.853349,2.354153,63.648294F, 182
1448487051,48.853356,2.354123,62.992126F, 182
1448487052,48.853361,2.354105,63.648294F, 181
1448487053,48.853364,2.354088,64.960630F, 181
1448487054,48.853365,2.354071,66.929134F, 181
1448487055,48.853370,2.354054,71.522310F, 180
1448487056,48.853370,2.354040,74.146982F, 180
1448487057,48.853363,2.354024,76.771654F, 179
1448487058,48.853354,2.354009,80.052494F, 179
1448487059,48.853348,2.353998,85.301837F, 178
1448487060,48.853351,2.353990,93.175853F, 178
1448487061,48.853350,2.353978,96.456693F, 178
1448487062,48.853351,2.353965,100.393701F, 176
1448487063,48.853349,2.353950,101.706037F, 176
1448487064,48.853347,2.353934,104.330709F, 176
1448487065,48.853343,2.353924,106.955381F, 175
1448487066,48.853337,2.353911,106.299213F, 174
1448487067,48.853329,2.353900,106.299213F, 174
1448487068,48.853323,2.353882,104.986877F, 173
1448487069,48.853315,2.353867,104.330709F, 173
1448487070,48.853309,2.353847,103.674541F, 172
1448487071,48.853303,2.353825,103.018373F, 171
1448487072,48.853293,2.353811,102.362205F, 170
1448487073,48.853280,2.353803,101.706037F, 169
1448487074,48.853271,2.353794,101.706037F, 167
1448487075,48.853260,2.353787,101.706037F, 166
1448487076,48.853251,2.353781,99.737533F, 165
1448487077,48.853243,2.353770,99.081365F, 163
1448487078,48.853233,2.353760,97.112861F, 163
1448487079,48.853225,2.353747,94.488189F, 162
1448487080,48.853217,2.353738,93.175853F, 160
1448487081,48.853206,2.353729,91.863517F, 159
1448487082,48.853196,2.353715,89.895013F, 155
1448487083,48.853189,2.353699,87.926509F, 153
1448487084,48.853186,2.353674,86.614173F, 151
1448487085,48.853177,2.353661,84.645669F, 150
1448487086,48.853167,2.353648,82.677165F, 146
1448487087,48.853157,2.353635,81.364830F, 145
1448487088,48.853149,2.353617,79.396326F, 144
1448487089,48.853137,2.353606,78.740158F, 142
1448487090,48.853125,2.353591,78.083990F, 140
1448487091,48.853114,2.353578,77.427822F, 138
1448487092,48.853102,2.353566,76.771654F, 136
1448487093,48.853086,2.353553,76.771654F, 134
1448487094,48.853060,2.353557,77.427822F, 133
1448487095,48.853027,2.353577,76.115486F, 130
1448487096,48.853029,2.353537,73.490814F, 130
1448487097,48.853020,2.353519,71.522310F, 129
1448487098,48.853011,2.353506,71.522310F, 128
1448487099,48.853000,2.353501,70.866142F, 127
1448487100,48.852989,2.353498,70.209974F, 127
1448487101,48.852980,2.353492,69.553806F, 124
1448487102,48.852968,2.353493,67.585302F, 124
1448487103,48.852955,2.353492,66.272966F, 123
1448487104,48.852945,2.353485,64.960630F, 122
1448487105,48.852935,2.353479,64.304462F, 121
1448487106,48.852924,2.353466,64.304462F, 121
1448487107,48.852907,2.353443,64.304462F, 121
1448487108,48.852883,2.353419,64.960630F, 122
1448487109,48.852856,2.353392,66.272966F, 122
1448487110,48.852829,2.353374,67.585302F, 124
1448487111,48.852801,2.353358,68.241470F, 124
1448487112,48.852775,2.353343,68.897638F, 125
1448487113,48.852751,2.353336,70.209974F, 126
1448487114,48.852723,2.353336,71.522310F, 127
1448487115,48.852699,2.353337,74.146982F, 128
1448487116,48.852669,2.353345,76.115486F, 129
1448487117,48.852634,2.353367,78.740158F, 130
1448487118,48.852597,2.353397,78.740158F, 132
1448487119,48.852571,2.353424,80.052494F, 132
1448487120,48.852541,2.353456,80.052494F, 134
1448487121,48.852514,2.353484,80.708662F, 134
1448487122,48.852490,2.353510,80.708662F, 134
1448487123,48.852467,2.353540,79.396326F, 135
1448487124,48.852448,2.353570,79.396326F, 135
1448487125,48.852425,2.353599,79.396326F, 136
1448487126,48.852405,2.353628,78.740158F, 136
1448487127,48.852383,2.353663,77.427822F, 136
1448487128,48.852363,2.353698,78.740158F, 137
1448487129,48.852341,2.353733,78.083990F, 138
1448487130,48.852287,2.353739,85.301837F, 138
1448487131,48.852257,2.353765,87.270341F, 139
1448487132,48.852225,2.353796,90.551181F, 139
1448487133,48.852194,2.353820,91.207349F, 140
1448487134,48.852162,2.353844,93.175853F, 141
1448487135,48.852131,2.353864,93.832021F, 141
1448487136,48.852100,2.353889,93.175853F, 142
1448487137,48.852074,2.353916,91.863517F, 142
1448487138,48.852049,2.353945,91.863517F, 142
1448487139,48.852025,2.353969,91.207349F, 142
1448487140,48.851999,2.353994,91.207349F, 143
1448487141,48.851971,2.354017,90.551181F, 143
1448487142,48.851946,2.354044,89.238845F, 144
1448487143,48.851921,2.354070,88.582677F, 144
1448487144,48.851900,2.354100,88.582677F, 144
1448487145,48.851877,2.354132,87.926509F, 144
1448487146,48.851847,2.354159,85.301837F, 143
1448487147,48.851824,2.354194,82.677165F, 143
1448487148,48.851799,2.354227,80.708662F, 144
1448487149,48.851777,2.354261,79.396326F, 144
1448487150,48.851730,2.354271,85.958005F, 143
1448487151,48.851705,2.354305,87.270341F, 144
1448487152,48.851681,2.354350,91.207349F, 144
1448487153,48.851666,2.354393,93.832021F, 145
1448487154,48.851648,2.354437,95.800525F, 145
1448487155,48.851628,2.354478,97.112861F, 145
1448487156,48.851611,2.354524,99.081365F, 145
1448487157,48.851596,2.354570,99.737533F, 146
1448487158,48.851579,2.354610,99.737533F, 146
1448487159,48.851561,2.354646,100.393701F, 146
1448487160,48.851538,2.354680,101.049869F, 146
1448487161,48.851521,2.354721,102.362205F, 147
1448487162,48.851505,2.354764,102.362205F, 147
1448487163,48.851491,2.354810,102.362205F, 147
1448487164,48.851477,2.354856,103.018373F, 148
1448487165,48.851462,2.354899,103.674541F, 148
1448487166,48.851448,2.354941,103.674541F, 148
1448487167,48.851432,2.354987,105.643045F, 148
1448487168,48.851419,2.355037,106.299213F, 148
1448487169,48.851405,2.355084,108.923885F, 148
1448487170,48.851391,2.355128,108.923885F, 149
1448487171,48.851379,2.355175,110.892389F, 149
1448487172,48.851367,2.355223,111.548557F, 149
1448487173,48.851353,2.355268,112.204725F, 149
1448487174,48.851340,2.355319,113.517061F, 150
1448487175,48.851329,2.355372,114.173229F, 150
1448487176,48.851318,2.355420,115.485564F, 150
1448487177,48.851301,2.355460,117.454068F, 151
1448487178,48.851287,2.355502,118.766404F, 151
1448487179,48.851276,2.355547,120.078740F, 152
1448487180,48.851264,2.355591,121.391076F, 152
1448487181,48.851253,2.355640,122.703412F, 152
1448487182,48.851239,2.355684,124.015748F, 152
1448487183,48.851236,2.355737,125.328084F, 152
1448487184,48.851230,2.355784,127.296588F, 152
1448487185,48.851223,2.355820,127.952756F, 151
1448487186,48.851216,2.355856,127.296588F, 151
1448487187,48.851206,2.355886,129.265092F, 150
1448487188,48.851182,2.355899,135.826772F, 150
1448487189,48.851168,2.355925,137.139108F, 149
1448487190,48.851156,2.355952,137.139108F, 149
1448487191,48.851142,2.355987,134.514436F, 149
1448487192,48.851128,2.356024,133.858268F, 149
1448487193,48.851108,2.356064,131.889764F, 150
1448487194,48.851085,2.356099,131.889764F, 150
1448487195,48.851061,2.356139,131.889764F, 151
1448487196,48.851038,2.356181,131.233596F, 151
1448487197,48.851015,2.356225,130.577428F, 151
1448487198,48.850996,2.356270,126.640420F, 152
1448487199,48.850984,2.356319,127.952756F, 152
1448487200,48.850972,2.356366,125.984252F, 153
1448487201,48.850959,2.356422,123.359580F, 153
1448487202,48.850941,2.356474,122.047244F, 154
1448487203,48.850922,2.356524,120.734908F, 154
1448487204,48.850903,2.356567,119.422572F, 155
1448487205,48.850885,2.356613,116.797900F, 155
1448487206,48.850870,2.356662,116.797900F, 155
1448487207,48.850858,2.356708,116.797900F, 155
1448487208,48.850846,2.356753,115.485564F, 156
1448487209,48.850829,2.356799,114.829397F, 156
1448487210,48.850821,2.356851,114.829397F, 156
1448487211,48.850820,2.356908,118.110236F, 156
1448487212,48.850807,2.356962,119.422572F, 156
1448487213,48.850797,2.357020,122.047244F, 156
1448487214,48.850776,2.357073,122.703412F, 157
1448487215,48.850760,2.357130,122.703412F, 157
1448487216,48.850745,2.357191,124.015748F, 158
1448487217,48.850725,2.357250,122.047244F, 158
1448487218,48.850711,2.357312,121.391076F, 159
1448487219,48.850700,2.357377,120.734908F, 159
1448487220,48.850683,2.357440,122.047244F, 160
1448487221,48.850663,2.357496,123.359580F, 161
1448487222,48.850642,2.357554,124.015748F, 161
1448487223,48.850622,2.357611,124.671916F, 162
1448487224,48.850607,2.357666,124.015748F, 162
1448487225,48.850594,2.357717,125.328084F, 163
1448487226,48.850582,2.357771,125.328084F, 163
1448487227,48.850565,2.357829,125.328084F, 163
1448487228,48.850549,2.357885,125.984252F, 165
1448487229,48.850529,2.357939,124.671916F, 164
1448487230,48.850511,2.357994,124.671916F, 165
1448487231,48.850495,2.358052,124.671916F, 166
1448487232,48.850475,2.358105,126.640420F, 166
1448487233,48.850460,2.358155,126.640420F, 165
1448487234,48.850447,2.358205,124.671916F, 166
1448487235,48.850432,2.358260,122.047244F, 167
1448487236,48.850412,2.358309,120.078740F, 167
1448487237,48.850383,2.358357,119.422572F, 167
1448487238,48.850360,2.358412,118.766404F, 168
1448487239,48.850340,2.358465,119.422572F, 168
1448487240,48.850321,2.358519,119.422572F, 169
1448487241,48.850299,2.358573,121.391076F, 169
1448487242,48.850275,2.358626,122.047244F, 169
1448487243,48.850251,2.358683,124.015748F, 169
1448487244,48.850229,2.358735,125.328084F, 170
1448487245,48.850200,2.358760,123.359580F, 170
1448487246,48.850164,2.358750,121.391076F, 170
1448487247,48.850130,2.358720,122.047244F, 171
1448487248,48.850103,2.358677,120.078740F, 171
1448487249,48.850074,2.358623,119.422572F, 171
1448487250,48.850051,2.358562,118.110236F, 171
1448487251,48.850026,2.358498,118.110236F, 171
1448487252,48.850003,2.358436,116.141732F, 171
1448487253,48.849985,2.358378,115.485564F, 173
1448487254,48.849961,2.358314,113.517061F, 172
1448487255,48.849935,2.358249,112.860893F, 173
1448487256,48.849911,2.358187,111.548557F, 174
1448487257,48.849889,2.358128,110.236221F, 174
1448487258,48.849869,2.358067,110.236221F, 174
1448487259,48.849845,2.358006,110.892389F, 174
1448487260,48.849824,2.357942,111.548557F, 175
1448487261,48.849803,2.357874,112.204725F, 176
1448487262,48.849784,2.357802,114.173229F, 176
1448487263,48.849766,2.357728,112.860893F, 177
1448487264,48.849744,2.357654,111.548557F, 178
1448487265,48.849725,2.357583,109.580053F, 177
1448487266,48.849707,2.357515,108.923885F, 178
1448487267,48.849688,2.357452,108.923885F, 179
1448487268,48.849666,2.357391,108.267717F, 179
1448487269,48.849645,2.357333,107.611549F, 179
1448487270,48.849623,2.357275,107.611549F, 179
1448487271,48.849601,2.357220,104.986877F, 179
1448487272,48.849580,2.357164,104.330709F, 180
1448487273,48.849562,2.357108,103.018373F, 180
1448487274,48.849544,2.357053,101.706037F, 180
1448487275,48.849526,2.356998,101.706037F, 180
1448487276,48.849511,2.356942,100.393701F, 180
1448487277,48.849499,2.356886,98.425197F, 180
1448487278,48.849492,2.356839,97.769029F, 180
1448487279,48.849488,2.356802,97.112861F, 180
1448487280,48.849488,2.356772,97.112861F, 180
1448487281,48.849488,2.356752,97.112861F, 179
1448487282,48.849489,2.356739,98.425197F, 179
1448487283,48.849489,2.356726,99.081365F, 178
1448487284,48.849494,2.356713,99.737533F, 178
1448487285,48.849498,2.356698,99.737533F, 177
1448487286,48.849501,2.356686,99.737533F, 176
1448487287,48.849502,2.356673,99.737533F, 176
1448487288,48.849504,2.356660,98.425197F, 175
1448487289,48.849505,2.356645,98.425197F, 175
1448487290,48.849506,2.356628,99.737533F, 175
1448487291,48.849509,2.356613,99.737533F, 174
1448487292,48.849514,2.356597,100.393701F, 174
1448487293,48.849518,2.356581,100.393701F, 173
1448487294,48.849520,2.356566,101.706037F, 173
1448487295,48.849523,2.356551,103.018373F, 172
1448487296,48.849526,2.356535,104.986877F, 172
1448487297,48.849531,2.356520,106.299213F, 171
1448487298,48.849534,2.356506,106.955381F, 170
1448487299,48.849540,2.356491,107.611549F, 170
1448487300,48.849544,2.356478,108.267717F, 169
1448487301,48.849546,2.356465,109.580053F, 168
1448487302,48.849550,2.356452,109.580053F, 167
1448487303,48.849556,2.356439,109.580053F, 167
1448487304,48.849561,2.356425,109.580053F, 165
1448487305,48.849565,2.356409,110.236221F, 164
1448487306,48.849573,2.356394,110.236221F, 163
1448487307,48.849582,2.356381,110.892389F, 161
1448487308,48.849589,2.356371,112.204725F, 159
1448487309,48.849593,2.356363,112.860893F, 157
1448487310,48.849598,2.356356,112.860893F, 157
1448487311,48.849602,2.356353,112.204725F, 156
1448487312,48.849605,2.356355,111.548557F, 154
1448487313,48.849604,2.356355,110.892389F, 152
1448487314,48.849604,2.356356,110.892389F, 150
1448487315,48.849604,2.356361,110.892389F, 147
1448487316,48.849605,2.356363,110.892389F, 144
1448487317,48.849607,2.356362,111.548557F, 142
1448487318,48.849609,2.356359,112.204725F, 139
1448487319,48.849612,2.356352,111.548557F, 138
1448487320,48.849615,2.356342,111.548557F, 137
1448487321,48.849619,2.356323,110.236221F, 135
1448487322,48.849624,2.356310,109.580053F, 133
1448487323,48.849628,2.356297,110.236221F, 132
1448487324,48.849633,2.356280,110.892389F, 130
1448487325,48.849640,2.356261,109.580053F, 129
1448487326,48.849646,2.356239,109.580053F, 129
1448487327,48.849654,2.356217,108.267717F, 128
1448487328,48.849662,2.356192,108.267717F, 127
1448487329,48.849673,2.356161,108.923885F, 127
1448487330,48.849685,2.356131,108.923885F, 127
1448487331,48.849699,2.356093,107.611549F, 126
1448487332,48.849717,2.356051,106.955381F, 127
1448487333,48.849741,2.356002,104.330709F, 128
1448487334,48.849765,2.355956,101.706037F, 128
1448487335,48.849784,2.355910,99.737533F, 128
1448487336,48.849803,2.355863,99.081365F, 129
1448487337,48.849813,2.355811,98.425197F, 130
1448487338,48.849828,2.355759,97.112861F, 130
1448487339,48.849837,2.355693,95.800525F, 131
1448487340,48.849853,2.355634,95.800525F, 133
1448487341,48.849865,2.355577,97.112861F, 134
1448487342,48.849880,2.355525,97.769029F, 135
1448487343,48.849888,2.355474,98.425197F, 136
1448487344,48.849901,2.355425,97.769029F, 138
1448487345,48.849910,2.355376,98.425197F, 139
1448487346,48.849914,2.355320,99.081365F, 140
1448487347,48.849922,2.355266,97.112861F, 141
1448487348,48.849929,2.355210,96.456693F, 143
1448487349,48.849939,2.355156,95.800525F, 143
1448487350,48.849951,2.355100,97.112861F, 144
1448487351,48.849960,2.355046,95.800525F, 145
1448487352,48.849973,2.354991,95.800525F, 146
1448487353,48.849988,2.354941,97.112861F, 147
1448487354,48.850001,2.354889,97.112861F, 147
1448487355,48.850014,2.354838,98.425197F, 148
1448487356,48.850024,2.354785,97.112861F, 148
1448487357,48.850034,2.354731,99.081365F, 148
1448487358,48.850048,2.354680,99.737533F, 148
1448487359,48.850060,2.354629,100.393701F, 149
1448487360,48.850074,2.354580,100.393701F, 149
1448487361,48.850086,2.354534,100.393701F, 149
1448487362,48.850096,2.354485,99.737533F, 149
1448487363,48.850106,2.354437,98.425197F, 149
1448487364,48.850116,2.354389,95.800525F, 148
1448487365,48.850127,2.354345,95.144357F, 149
1448487366,48.850141,2.354299,94.488189F, 149
1448487367,48.850157,2.354260,97.112861F, 149
1448487368,48.850166,2.354213,95.144357F, 149
1448487369,48.850182,2.354165,95.144357F, 149
1448487370,48.850192,2.354117,95.144357F, 149
1448487371,48.850202,2.354072,95.144357F, 149
1448487372,48.850211,2.354026,93.832021F, 149
1448487373,48.850226,2.353980,93.175853F, 149
1448487374,48.850239,2.353934,92.519685F, 149
1448487375,48.850252,2.353891,93.175853F, 149
1448487376,48.850259,2.353854,93.175853F, 149
1448487377,48.850263,2.353826,93.175853F, 148
1448487378,48.850266,2.353806,92.519685F, 147
1448487379,48.850270,2.353791,92.519685F, 147
1448487380,48.850280,2.353775,93.832021F, 146
1448487381,48.850289,2.353759,94.488189F, 146
1448487382,48.850297,2.353745,96.456693F, 145
1448487383,48.850306,2.353729,97.112861F, 144
1448487384,48.850317,2.353715,97.769029F, 144
1448487385,48.850327,2.353703,99.081365F, 142
1448487386,48.850336,2.353693,99.737533F, 141
1448487387,48.850359,2.353691,110.892389F, 140
1448487388,48.850368,2.353678,112.860893F, 139
1448487389,48.850384,2.353668,118.110236F, 138
1448487390,48.850396,2.353659,120.734908F, 137
1448487391,48.850405,2.353649,123.359580F, 136
1448487392,48.850411,2.353635,125.328084F, 135
1448487393,48.850412,2.353619,125.328084F, 133
1448487394,48.850414,2.353611,125.984252F, 132
1448487395,48.850410,2.353607,128.608924F, 129
1448487396,48.850404,2.353605,130.577428F, 128
1448487397,48.850403,2.353609,132.545932F, 127
1448487398,48.850402,2.353617,133.858268F, 126
1448487399,48.850404,2.353619,133.858268F, 124
1448487400,48.850409,2.353619,135.170604F, 123
1448487401,48.850409,2.353619,136.482940F, 122
1448487402,48.850409,2.353618,137.795276F, 120
1448487403,48.850411,2.353617,136.482940F, 118
1448487404,48.850409,2.353615,137.139108F, 117
1448487405,48.850408,2.353613,135.826772F, 116
1448487406,48.850406,2.353612,135.826772F, 115
1448487407,48.850405,2.353611,135.170604F, 113
1448487408,48.850407,2.353612,132.545932F, 113
1448487409,48.850408,2.353614,131.233596F, 112
1448487410,48.850411,2.353615,129.265092F, 111
1448487411,48.850414,2.353616,126.640420F, 110
1448487412,48.850415,2.353616,124.671916F, 109
1448487413,48.850416,2.353616,122.703412F, 109
1448487414,48.850417,2.353616,120.734908F, 108
1448487415,48.850417,2.353616,120.078740F, 108
1448487416,48.850417,2.353616,119.422572F, 107
1448487417,48.850417,2.353616,119.422572F, 106
1448487418,48.850419,2.353615,118.110236F, 105
1448487419,48.850419,2.353615,117.454068F, 103
1448487420,48.850420,2.353613,116.797900F, 103
1448487421,48.850422,2.353612,116.797900F, 103
1448487422,48.850422,2.353612,116.797900F, 104
1448487423,48.850422,2.353611,116.141732F, 104
1448487424,48.850419,2.353615,115.485564F, 103
1448487425,48.850417,2.353622,115.485564F, 103
1448487426,48.850417,2.353625,115.485564F, 103
1448487427,48.850415,2.353628,115.485564F, 102
1448487428,48.850414,2.353630,116.141732F, 102
1448487429,48.850414,2.353630,116.141732F, 103
1448487430,48.850413,2.353630,116.141732F, 102
1448487431,48.850413,2.353630,116.141732F, 103
1448487432,48.850414,2.353630,116.141732F, 103
1448487433,48.850414,2.353631,116.141732F, 102
1448487434,48.850413,2.353631,116.141732F, 102
1448487435,48.850414,2.353630,116.141732F, 101
1448487436,48.850413,2.353631,116.141732F, 101
1448487437,48.850412,2.353632,116.141732F, 101
1448487438,48.850412,2.353632,116.141732F, 101
1448487439,48.850413,2.353632,116.141732F, 101
1448487440,48.850413,2.353632,116.141732F, 100
1448487441,48.850413,2.353632,116.141732F, 99
1448487442,48.850414,2.353632,116.141732F, 99
1448487443,48.850413,2.353633,116.141732F, 99
1448487444,48.850412,2.353633,116.141732F, 99
1448487445,48.850412,2.353635,116.141732F, 99
1448487446,48.850412,2.353637,116.141732F, 98
1448487447,48.850413,2.353637,116.141732F, 98
1448487448,48.850414,2.353638,116.141732F, 98
1448487449,48.850414,2.353638,116.141732F, 97
1448487450,48.850414,2.353639,116.141732F, 96
1448487451,48.850414,2.353639,116.141732F, 95
1448487452,48.850413,2.353640,115.485564F, 95
1448487453,48.850412,2.353641,114.829397F, 96
