1448485898,48.850375,2.353733,114.173229F, 71
1448485899,48.850380,2.353725,114.173229F, 70
1448485900,48.850380,2.353715,113.517061F, 72
1448485901,48.850380,2.353703,113.517061F, 72
1448485902,48.850388,2.353684,113.517061F, 73
1448485903,48.850394,2.353664,112.860893F, 75
1448485904,48.850403,2.353639,112.860893F, 78
1448485905,48.850417,2.353599,112.860893F, 79
1448485906,48.850430,2.353558,112.204725F, 81
1448485907,48.850444,2.353511,112.204725F, 81
1448485908,48.850465,2.353457,111.548557F, 83
1448485909,48.850482,2.353407,110.892389F, 89
1448485910,48.850499,2.353354,110.892389F, 93
1448485911,48.850512,2.353304,110.236221F, 97
1448485912,48.850520,2.353265,109.580053F, 99
1448485913,48.850522,2.353237,108.923885F, 99
1448485914,48.850531,2.353217,108.267717F, 99
1448485915,48.850539,2.353208,108.267717F, 100
1448485916,48.850532,2.353226,106.955381F, 100
1448485917,48.850494,2.353285,106.955381F, 102
1448485918,48.850478,2.353327,105.643045F, 103
1448485919,48.850464,2.353371,104.986877F, 107
1448485920,48.850457,2.353417,104.986877F, 110
1448485921,48.850454,2.353462,104.330709F, 113
1448485922,48.850449,2.353505,103.674541F, 117
1448485923,48.850439,2.353552,102.362205F, 121
1448485924,48.850432,2.353599,101.706037F, 122
1448485925,48.850426,2.353648,101.049869F, 122
1448485926,48.850416,2.353706,100.393701F, 121
1448485927,48.850403,2.353764,98.425197F, 122
1448485928,48.850396,2.353824,97.112861F, 121
1448485929,48.850399,2.353879,96.456693F, 122
1448485930,48.850409,2.353933,95.800525F, 123
1448485931,48.850427,2.353989,95.144357F, 124
1448485932,48.850439,2.354047,94.488189F, 124
1448485933,48.850449,2.354108,93.832021F, 125
1448485934,48.850444,2.354166,93.175853F, 127
1448485935,48.850435,2.354225,93.175853F, 128
1448485936,48.850422,2.354279,93.175853F, 129
1448485937,48.850411,2.354332,92.519685F, 130
1448485938,48.850398,2.354386,91.863517F, 132
1448485939,48.850386,2.354437,91.863517F, 132
1448485940,48.850369,2.354493,91.207349F, 133
1448485941,48.850355,2.354544,90.551181F, 133
1448485942,48.850340,2.354598,89.895013F, 134
1448485943,48.850328,2.354652,89.238845F, 134
1448485944,48.850314,2.354709,89.238845F, 135
1448485945,48.850302,2.354754,88.582677F, 135
1448485946,48.850288,2.354803,89.238845F, 135
1448485947,48.850268,2.354853,88.582677F, 135
1448485948,48.850249,2.354901,88.582677F, 134
1448485949,48.850230,2.354950,87.926509F, 136
1448485950,48.850210,2.354999,87.926509F, 136
1448485951,48.850191,2.355045,87.270341F, 136
1448485952,48.850179,2.355089,87.270341F, 136
1448485953,48.850174,2.355127,87.270341F, 137
1448485954,48.850157,2.355171,87.270341F, 141
1448485955,48.850174,2.355226,87.270341F, 141
1448485956,48.850174,2.355275,86.614173F, 142
1448485957,48.850188,2.355319,86.614173F, 143
1448485958,48.850192,2.355378,87.270341F, 144
1448485959,48.850186,2.355440,87.270341F, 144
1448485960,48.850171,2.355493,87.270341F, 145
1448485961,48.850156,2.355542,87.270341F, 145
1448485962,48.850142,2.355585,87.270341F, 145
1448485963,48.850128,2.355623,86.614173F, 145
1448485964,48.850106,2.355670,86.614173F, 145
1448485965,48.850087,2.355716,86.614173F, 146
1448485966,48.850068,2.355759,85.958005F, 146
1448485967,48.850051,2.355801,86.614173F, 146
1448485968,48.850036,2.355848,85.958005F, 147
1448485969,48.850024,2.355893,85.958005F, 149
1448485970,48.850009,2.355939,85.958005F, 149
1448485971,48.849995,2.355985,85.958005F, 149
1448485972,48.849983,2.356031,85.301837F, 150
1448485973,48.849971,2.356078,85.301837F, 150
1448485974,48.849955,2.356123,85.958005F, 150
1448485975,48.849942,2.356164,84.645669F, 150
1448485976,48.849927,2.356210,83.333333F, 150
1448485977,48.849913,2.356257,83.333333F, 149
1448485978,48.849896,2.356305,80.708662F, 150
1448485979,48.849877,2.356355,77.427822F, 150
1448485980,48.849860,2.356398,74.803150F, 151
1448485981,48.849843,2.356447,71.522310F, 150
1448485982,48.849825,2.356496,69.553806F, 151
1448485983,48.849806,2.356545,66.929134F, 151
1448485984,48.849789,2.356597,65.616798F, 151
1448485985,48.849774,2.356648,63.648294F, 150
1448485986,48.849758,2.356699,62.335958F, 151
1448485987,48.849741,2.356755,61.023622F, 151
1448485988,48.849726,2.356809,59.711286F, 151
1448485989,48.849708,2.356861,59.055118F, 151
1448485990,48.849691,2.356910,58.398950F, 151
1448485991,48.849676,2.356960,58.398950F, 152
1448485992,48.849661,2.357008,58.398950F, 152
1448485993,48.849646,2.357055,58.398950F, 152
1448485994,48.849636,2.357100,57.742782F, 151
1448485995,48.849622,2.357147,57.086614F, 152
1448485996,48.849606,2.357194,56.430446F, 151
1448485997,48.849585,2.357242,55.774278F, 152
1448485998,48.849555,2.357286,55.774278F, 151
1448485999,48.849529,2.357335,55.774278F, 151
1448486000,48.849507,2.357379,56.430446F, 152
1448486001,48.849490,2.357431,56.430446F, 151
1448486002,48.849477,2.357475,56.430446F, 151
1448486003,48.849462,2.357530,56.430446F, 151
1448486004,48.849450,2.357575,56.430446F, 152
1448486005,48.849435,2.357629,56.430446F, 151
1448486006,48.849422,2.357681,57.086614F, 152
1448486007,48.849411,2.357739,57.742782F, 151
1448486008,48.849398,2.357792,58.398950F, 152
1448486009,48.849383,2.357846,58.398950F, 152
1448486010,48.849368,2.357897,58.398950F, 153
1448486011,48.849353,2.357947,58.398950F, 152
1448486012,48.849340,2.357995,58.398950F, 152
1448486013,48.849325,2.358046,58.398950F, 152
1448486014,48.849309,2.358098,59.055118F, 152
1448486015,48.849292,2.358149,59.055118F, 152
1448486016,48.849275,2.358199,59.711286F, 152
1448486017,48.849260,2.358250,59.711286F, 152
1448486018,48.849246,2.358300,60.367454F, 152
1448486019,48.849232,2.358348,60.367454F, 152
1448486020,48.849217,2.358394,60.367454F, 152
1448486021,48.849200,2.358443,61.023622F, 152
1448486022,48.849184,2.358491,61.679790F, 153
1448486023,48.849164,2.358536,62.335958F, 152
1448486024,48.849146,2.358581,62.335958F, 152
1448486025,48.849128,2.358625,62.992126F, 152
1448486026,48.849108,2.358669,63.648294F, 152
1448486027,48.849089,2.358711,64.304462F, 153
1448486028,48.849069,2.358755,65.616798F, 153
1448486029,48.849050,2.358801,66.272966F, 152
1448486030,48.849025,2.358844,67.585302F, 152
1448486031,48.849001,2.358880,68.241470F, 154
1448486032,48.848975,2.358915,68.897638F, 153
1448486033,48.848948,2.358949,68.897638F, 153
1448486034,48.848920,2.358985,69.553806F, 153
1448486035,48.848896,2.359019,69.553806F, 153
1448486036,48.848871,2.359056,70.209974F, 155
1448486037,48.848846,2.359094,70.209974F, 153
1448486038,48.848821,2.359129,70.866142F, 154
1448486039,48.848798,2.359165,71.522310F, 155
1448486040,48.848771,2.359203,72.178478F, 154
1448486041,48.848747,2.359237,72.834646F, 155
1448486042,48.848722,2.359273,73.490814F, 155
1448486043,48.848696,2.359310,74.803150F, 156
1448486044,48.848669,2.359347,75.459318F, 155
1448486045,48.848645,2.359378,76.115486F, 156
1448486046,48.848621,2.359412,76.771654F, 157
1448486047,48.848598,2.359444,78.083990F, 157
1448486048,48.848573,2.359477,79.396326F, 155
1448486049,48.848551,2.359511,80.052494F, 158
1448486050,48.848526,2.359547,81.364830F, 156
1448486051,48.848503,2.359583,81.364830F, 156
1448486052,48.848479,2.359619,82.677165F, 156
1448486053,48.848457,2.359654,83.333333F, 156
1448486054,48.848435,2.359692,83.989501F, 157
1448486055,48.848414,2.359730,83.989501F, 157
1448486056,48.848392,2.359772,84.645669F, 156
1448486057,48.848369,2.359815,85.958005F, 155
1448486058,48.848344,2.359860,86.614173F, 156
1448486059,48.848320,2.359903,87.270341F, 155
1448486060,48.848299,2.359944,87.270341F, 156
1448486061,48.848274,2.359987,87.926509F, 155
1448486062,48.848248,2.360026,87.926509F, 155
1448486063,48.848219,2.360060,89.238845F, 156
1448486064,48.848191,2.360088,89.238845F, 156
1448486065,48.848157,2.360111,89.895013F, 154
1448486066,48.848127,2.360132,89.895013F, 156
1448486067,48.848098,2.360156,91.207349F, 155
1448486068,48.848073,2.360179,91.207349F, 155
1448486069,48.848048,2.360214,91.863517F, 155
1448486070,48.848027,2.360244,92.519685F, 154
1448486071,48.848004,2.360281,93.175853F, 155
1448486072,48.847982,2.360318,93.175853F, 155
1448486073,48.847957,2.360356,93.832021F, 155
1448486074,48.847932,2.360391,93.175853F, 155
1448486075,48.847906,2.360434,93.832021F, 155
1448486076,48.847880,2.360469,93.832021F, 156
1448486077,48.847858,2.360507,93.832021F, 155
1448486078,48.847837,2.360544,93.832021F, 155
1448486079,48.847813,2.360583,94.488189F, 155
1448486080,48.847789,2.360620,95.144357F, 154
1448486081,48.847765,2.360658,96.456693F, 155
1448486082,48.847741,2.360702,97.112861F, 156
1448486083,48.847722,2.360738,97.769029F, 155
1448486084,48.847698,2.360783,97.769029F, 155
1448486085,48.847675,2.360822,98.425197F, 155
1448486086,48.847649,2.360859,99.081365F, 155
1448486087,48.847625,2.360892,99.737533F, 157
1448486088,48.847598,2.360928,100.393701F, 156
1448486089,48.847571,2.360960,101.049869F, 155
1448486090,48.847545,2.360992,101.706037F, 156
1448486091,48.847518,2.361024,102.362205F, 157
1448486092,48.847489,2.361052,103.674541F, 156
1448486093,48.847459,2.361081,103.674541F, 157
1448486094,48.847428,2.361113,103.674541F, 157
1448486095,48.847400,2.361143,104.330709F, 158
1448486096,48.847370,2.361173,104.986877F, 159
1448486097,48.847339,2.361200,104.986877F, 157
1448486098,48.847308,2.361224,105.643045F, 158
1448486099,48.847276,2.361250,105.643045F, 158
1448486100,48.847242,2.361274,106.299213F, 158
1448486101,48.847212,2.361296,106.955381F, 157
1448486102,48.847188,2.361317,107.611549F, 158
1448486103,48.847164,2.361341,106.955381F, 159
1448486104,48.847141,2.361366,106.955381F, 157
1448486105,48.847117,2.361401,106.955381F, 158
1448486106,48.847095,2.361436,106.955381F, 159
1448486107,48.847073,2.361470,106.299213F, 157
1448486108,48.847054,2.361503,105.643045F, 158
1448486109,48.847033,2.361548,105.643045F, 159
1448486110,48.847012,2.361591,105.643045F, 157
1448486111,48.846992,2.361641,104.986877F, 158
1448486112,48.846969,2.361688,104.986877F, 158
1448486113,48.846949,2.361732,104.330709F, 158
1448486114,48.846928,2.361777,104.986877F, 159
1448486115,48.846909,2.361820,104.986877F, 159
1448486116,48.846889,2.361863,104.986877F, 160
1448486117,48.846868,2.361905,104.986877F, 158
1448486118,48.846846,2.361950,104.986877F, 159
1448486119,48.846825,2.361992,104.330709F, 159
1448486120,48.846801,2.362035,103.018373F, 158
1448486121,48.846779,2.362076,103.018373F, 157
1448486122,48.846756,2.362118,103.018373F, 158
1448486123,48.846734,2.362161,103.018373F, 157
1448486124,48.846711,2.362205,102.362205F, 157
1448486125,48.846689,2.362247,102.362205F, 157
1448486126,48.846667,2.362290,102.362205F, 157
1448486127,48.846647,2.362330,101.706037F, 156
1448486128,48.846626,2.362371,101.706037F, 156
1448486129,48.846603,2.362413,101.049869F, 157
1448486130,48.846580,2.362457,101.049869F, 155
1448486131,48.846559,2.362498,100.393701F, 156
1448486132,48.846536,2.362540,99.737533F, 155
1448486133,48.846511,2.362584,99.737533F, 153
1448486134,48.846488,2.362619,99.081365F, 154
1448486135,48.846462,2.362653,99.081365F, 154
1448486136,48.846437,2.362681,98.425197F, 154
1448486137,48.846409,2.362713,98.425197F, 154
1448486138,48.846382,2.362737,98.425197F, 153
1448486139,48.846351,2.362763,99.081365F, 153
1448486140,48.846321,2.362788,98.425197F, 154
1448486141,48.846294,2.362814,98.425197F, 153
1448486142,48.846267,2.362840,99.081365F, 153
1448486143,48.846241,2.362866,99.737533F, 153
1448486144,48.846213,2.362894,99.737533F, 153
1448486145,48.846187,2.362922,100.393701F, 154
1448486146,48.846162,2.362950,100.393701F, 153
1448486147,48.846137,2.362981,101.706037F, 153
1448486148,48.846111,2.363015,102.362205F, 152
1448486149,48.846085,2.363048,103.674541F, 152
1448486150,48.846056,2.363080,104.330709F, 154
1448486151,48.846032,2.363112,104.986877F, 153
1448486152,48.846007,2.363148,106.299213F, 153
1448486153,48.845983,2.363185,106.955381F, 155
1448486154,48.845960,2.363223,107.611549F, 154
1448486155,48.845935,2.363256,109.580053F, 155
1448486156,48.845906,2.363283,111.548557F, 156
1448486157,48.845874,2.363304,113.517061F, 154
1448486158,48.845843,2.363317,114.829397F, 155
1448486159,48.845812,2.363329,116.141732F, 155
1448486160,48.845783,2.363340,116.797900F, 155
1448486161,48.845760,2.363355,119.422572F, 155
1448486162,48.845739,2.363373,120.734908F, 157
1448486163,48.845716,2.363397,120.734908F, 157
1448486164,48.845693,2.363420,122.047244F, 157
1448486165,48.845666,2.363444,122.703412F, 159
1448486166,48.845641,2.363471,124.671916F, 158
1448486167,48.845618,2.363501,124.671916F, 157
1448486168,48.845591,2.363530,125.984252F, 157
1448486169,48.845567,2.363555,125.984252F, 160
1448486170,48.845539,2.363585,125.328084F, 159
1448486171,48.845513,2.363611,124.671916F, 158
1448486172,48.845487,2.363637,124.671916F, 159
1448486173,48.845462,2.363662,124.015748F, 160
1448486174,48.845440,2.363692,124.015748F, 159
1448486175,48.845420,2.363721,124.015748F, 158
1448486176,48.845399,2.363753,124.015748F, 159
1448486177,48.845378,2.363784,122.703412F, 160
1448486178,48.845359,2.363813,122.047244F, 159
1448486179,48.845333,2.363850,122.703412F, 159
1448486180,48.845314,2.363883,122.703412F, 159
1448486181,48.845294,2.363918,124.015748F, 159
1448486182,48.845274,2.363948,124.015748F, 159
1448486183,48.845254,2.363981,124.015748F, 158
1448486184,48.845239,2.364006,123.359580F, 160
1448486185,48.845217,2.364034,122.047244F, 159
1448486186,48.845196,2.364060,121.391076F, 158
1448486187,48.845173,2.364088,121.391076F, 158
1448486188,48.845151,2.364117,121.391076F, 160
1448486189,48.845125,2.364149,122.703412F, 159
1448486190,48.845101,2.364177,122.047244F, 158
1448486191,48.845074,2.364205,121.391076F, 159
1448486192,48.845046,2.364234,122.703412F, 159
1448486193,48.845016,2.364261,124.015748F, 159
1448486194,48.844983,2.364282,125.328084F, 159
1448486195,48.844952,2.364300,125.984252F, 162
1448486196,48.844918,2.364320,127.296588F, 162
1448486197,48.844889,2.364335,129.265092F, 161
1448486198,48.844862,2.364350,131.889764F, 161
1448486199,48.844835,2.364361,133.858268F, 161
1448486200,48.844814,2.364372,134.514436F, 160
1448486201,48.844797,2.364384,135.170604F, 161
1448486202,48.844783,2.364394,136.482940F, 160
1448486203,48.844769,2.364403,137.139108F, 160
1448486204,48.844758,2.364410,135.826772F, 159
1448486205,48.844750,2.364418,135.826772F, 159
1448486206,48.844743,2.364431,137.139108F, 160
1448486207,48.844736,2.364444,137.795276F, 158
1448486208,48.844726,2.364460,139.763780F, 157
1448486209,48.844716,2.364472,140.419948F, 157
1448486210,48.844705,2.364483,140.419948F, 153
1448486211,48.844699,2.364495,140.419948F, 152
1448486212,48.844688,2.364507,141.076116F, 150
1448486213,48.844680,2.364518,140.419948F, 149
1448486214,48.844670,2.364529,139.763780F, 148
1448486215,48.844658,2.364540,138.451444F, 147
1448486216,48.844647,2.364552,137.139108F, 145
1448486217,48.844637,2.364566,136.482940F, 143
1448486218,48.844627,2.364579,135.826772F, 143
1448486219,48.844616,2.364593,135.170604F, 141
1448486220,48.844607,2.364608,135.826772F, 138
1448486221,48.844599,2.364621,135.826772F, 138
1448486222,48.844591,2.364635,135.826772F, 136
1448486223,48.844581,2.364652,136.482940F, 135
1448486224,48.844572,2.364667,137.795276F, 132
1448486225,48.844564,2.364684,139.107612F, 132
1448486226,48.844554,2.364700,138.451444F, 133
1448486227,48.844548,2.364714,138.451444F, 132
1448486228,48.844540,2.364728,137.795276F, 132
1448486229,48.844532,2.364744,137.795276F, 132
1448486230,48.844526,2.364759,137.139108F, 131
1448486231,48.844519,2.364774,137.139108F, 126
1448486232,48.844511,2.364795,137.139108F, 125
1448486233,48.844506,2.364817,138.451444F, 121
1448486234,48.844501,2.364832,137.795276F, 119
1448486235,48.844496,2.364849,138.451444F, 119
1448486236,48.844491,2.364864,137.795276F, 115
1448486237,48.844486,2.364880,136.482940F, 115
1448486238,48.844484,2.364896,135.170604F, 114
1448486239,48.844481,2.364913,133.202100F, 115
1448486240,48.844482,2.364930,131.233596F, 115
1448486241,48.844482,2.364943,128.608924F, 115
1448486242,48.844482,2.364955,125.984252F, 114
1448486243,48.844483,2.364969,124.671916F, 114
1448486244,48.844485,2.364980,123.359580F, 113
1448486245,48.844489,2.364992,123.359580F, 112
1448486246,48.844495,2.365005,122.703412F, 111
1448486247,48.844509,2.365015,121.391076F, 111
1448486248,48.844524,2.365023,119.422572F, 113
1448486249,48.844537,2.365035,119.422572F, 114
1448486250,48.844546,2.365044,117.454068F, 114
1448486251,48.844555,2.365056,116.797900F, 112
1448486252,48.844561,2.365069,116.797900F, 110
1448486253,48.844568,2.365081,116.797900F, 109
1448486254,48.844576,2.365095,116.797900F, 110
1448486255,48.844586,2.365108,116.797900F, 109
1448486256,48.844596,2.365120,114.829397F, 109
1448486257,48.844606,2.365132,112.860893F, 109
1448486258,48.844616,2.365146,112.204725F, 108
1448486259,48.844623,2.365160,111.548557F, 105
1448486260,48.844629,2.365176,111.548557F, 104
1448486261,48.844639,2.365200,111.548557F, 106
1448486262,48.844656,2.365238,111.548557F, 107
1448486263,48.844678,2.365291,110.892389F, 102
1448486264,48.844707,2.365348,111.548557F, 100
1448486265,48.844740,2.365403,110.892389F, 100
1448486266,48.844774,2.365462,112.204725F, 100
1448486267,48.844813,2.365519,112.204725F, 101
1448486268,48.844853,2.365575,114.173229F, 103
1448486269,48.844889,2.365633,115.485564F, 104
1448486270,48.844927,2.365692,116.141732F, 105
1448486271,48.844964,2.365750,117.454068F, 107
1448486272,48.844998,2.365810,118.766404F, 118
1448486273,48.845033,2.365867,121.391076F, 118
1448486274,48.845066,2.365921,122.703412F, 119
1448486275,48.845101,2.365975,124.015748F, 120
1448486276,48.845135,2.366027,124.671916F, 122
1448486277,48.845172,2.366078,123.359580F, 123
1448486278,48.845208,2.366129,121.391076F, 131
1448486279,48.845243,2.366179,121.391076F, 137
1448486280,48.845276,2.366231,120.734908F, 144
1448486281,48.845310,2.366282,120.078740F, 149
1448486282,48.845341,2.366333,119.422572F, 153
1448486283,48.845372,2.366385,118.766404F, 162
1448486284,48.845406,2.366434,118.110236F, 164
1448486285,48.845440,2.366485,116.141732F, 166
1448486286,48.845472,2.366538,114.173229F, 168
1448486287,48.845503,2.366591,112.860893F, 167
1448486288,48.845534,2.366643,112.204725F, 168
1448486289,48.845565,2.366693,111.548557F, 167
1448486290,48.845598,2.366743,110.892389F, 169
1448486291,48.845631,2.366791,112.204725F, 170
1448486292,48.845666,2.366833,111.548557F, 168
1448486293,48.845704,2.366868,111.548557F, 171
1448486294,48.845744,2.366896,111.548557F, 170
1448486295,48.845782,2.366917,111.548557F, 171
1448486296,48.845820,2.366930,111.548557F, 171
1448486297,48.845861,2.366931,110.236221F, 172
1448486298,48.845902,2.366920,108.267717F, 172
1448486299,48.845938,2.366901,106.955381F, 172
1448486300,48.845974,2.366881,105.643045F, 173
1448486301,48.846006,2.366861,106.299213F, 171
1448486302,48.846035,2.366854,106.299213F, 172
1448486303,48.846060,2.366862,106.955381F, 172
1448486304,48.846084,2.366885,107.611549F, 172
1448486305,48.846112,2.366911,108.267717F, 171
1448486306,48.846141,2.366934,108.267717F, 172
1448486307,48.846178,2.366949,106.955381F, 173
1448486308,48.846218,2.366958,105.643045F, 172
1448486309,48.846260,2.366963,105.643045F, 174
1448486310,48.846299,2.366966,104.330709F, 173
1448486311,48.846340,2.366962,100.393701F, 174
1448486312,48.846382,2.366955,98.425197F, 174
1448486313,48.846423,2.366945,96.456693F, 174
1448486314,48.846465,2.366938,96.456693F, 172
1448486315,48.846507,2.366929,95.144357F, 175
1448486316,48.846544,2.366919,94.488189F, 176
1448486317,48.846584,2.366913,97.112861F, 175
1448486318,48.846618,2.366899,99.081365F, 175
1448486319,48.846657,2.366896,101.049869F, 176
1448486320,48.846701,2.366894,104.986877F, 177
1448486321,48.846741,2.366887,109.580053F, 174
1448486322,48.846774,2.366878,114.173229F, 174
1448486323,48.846806,2.366886,116.141732F, 175
1448486324,48.846835,2.366891,117.454068F, 174
1448486325,48.846862,2.366895,118.110236F, 173
1448486326,48.846884,2.366900,119.422572F, 174
1448486327,48.846899,2.366908,120.734908F, 174
1448486328,48.846908,2.366914,121.391076F, 173
1448486329,48.846923,2.366924,124.015748F, 173
1448486330,48.846937,2.366932,125.328084F, 173
1448486331,48.846951,2.366947,125.984252F, 172
1448486332,48.846967,2.366964,127.296588F, 172
1448486333,48.846977,2.366975,128.608924F, 170
1448486334,48.846986,2.366991,128.608924F, 170
1448486335,48.846993,2.367002,127.296588F, 169
1448486336,48.847000,2.367013,126.640420F, 169
1448486337,48.847007,2.367021,125.984252F, 168
1448486338,48.847015,2.367034,124.671916F, 167
1448486339,48.847022,2.367036,124.671916F, 167
1448486340,48.847029,2.367043,123.359580F, 167
1448486341,48.847038,2.367047,122.047244F, 166
1448486342,48.847045,2.367046,120.078740F, 166
1448486343,48.847052,2.367050,118.110236F, 165
1448486344,48.847060,2.367055,118.110236F, 164
1448486345,48.847070,2.367060,116.797900F, 163
1448486346,48.847080,2.367065,116.141732F, 162
1448486347,48.847086,2.367073,116.141732F, 160
1448486348,48.847091,2.367083,115.485564F, 158
1448486349,48.847099,2.367087,114.173229F, 156
1448486350,48.847109,2.367092,114.173229F, 154
1448486351,48.847119,2.367094,114.173229F, 151
1448486352,48.847127,2.367096,112.204725F, 150
1448486353,48.847135,2.367101,112.204725F, 147
1448486354,48.847145,2.367104,111.548557F, 146
1448486355,48.847157,2.367111,113.517061F, 142
1448486356,48.847171,2.367116,115.485564F, 140
1448486357,48.847183,2.367125,117.454068F, 138
1448486358,48.847195,2.367132,118.110236F, 136
1448486359,48.847219,2.367134,124.015748F, 135
1448486360,48.847239,2.367134,127.296588F, 133
1448486361,48.847255,2.367138,127.952756F, 131
1448486362,48.847267,2.367148,127.296588F, 130
1448486363,48.847277,2.367154,125.984252F, 129
1448486364,48.847281,2.367161,125.328084F, 128
1448486365,48.847286,2.367164,125.328084F, 126
1448486366,48.847293,2.367165,125.984252F, 123
1448486367,48.847300,2.367168,125.984252F, 119
1448486368,48.847311,2.367174,126.640420F, 117
1448486369,48.847321,2.367179,125.328084F, 115
1448486370,48.847335,2.367181,125.328084F, 114
1448486371,48.847350,2.367182,125.328084F, 112
1448486372,48.847363,2.367186,124.671916F, 112
1448486373,48.847372,2.367192,124.015748F, 112
1448486374,48.847380,2.367204,122.703412F, 109
1448486375,48.847386,2.367213,120.734908F, 108
1448486376,48.847395,2.367221,119.422572F, 109
1448486377,48.847407,2.367229,119.422572F, 110
1448486378,48.847420,2.367240,119.422572F, 110
1448486379,48.847435,2.367249,120.078740F, 111
1448486380,48.847447,2.367261,120.734908F, 113
1448486381,48.847463,2.367269,121.391076F, 112
1448486382,48.847484,2.367284,121.391076F, 115
1448486383,48.847507,2.367292,121.391076F, 120
1448486384,48.847540,2.367311,122.047244F, 124
1448486385,48.847590,2.367331,126.640420F, 124
1448486386,48.847639,2.367354,128.608924F, 123
1448486387,48.847692,2.367378,129.921260F, 123
1448486388,48.847745,2.367402,131.889764F, 123
1448486389,48.847795,2.367420,133.202100F, 127
1448486390,48.847843,2.367437,132.545932F, 133
1448486391,48.847901,2.367442,135.826772F, 135
1448486392,48.847950,2.367454,137.795276F, 138
1448486393,48.847998,2.367470,137.139108F, 143
1448486394,48.848045,2.367482,137.139108F, 150
1448486395,48.848088,2.367503,136.482940F, 155
1448486396,48.848132,2.367534,133.202100F, 157
1448486397,48.848175,2.367553,133.858268F, 158
1448486398,48.848219,2.367582,131.233596F, 161
1448486399,48.848267,2.367596,131.233596F, 159
1448486400,48.848311,2.367612,132.545932F, 162
1448486401,48.848356,2.367629,131.889764F, 163
1448486402,48.848402,2.367647,131.889764F, 164
1448486403,48.848446,2.367666,132.545932F, 165
1448486404,48.848488,2.367688,131.233596F, 166
1448486405,48.848529,2.367703,128.608924F, 166
1448486406,48.848575,2.367740,125.984252F, 166
1448486407,48.848622,2.367760,123.359580F, 166
1448486408,48.848662,2.367790,123.359580F, 167
1448486409,48.848700,2.367827,121.391076F, 168
1448486410,48.848736,2.367846,120.734908F, 170
1448486411,48.848775,2.367875,118.110236F, 170
1448486412,48.848817,2.367890,117.454068F, 170
1448486413,48.848859,2.367911,115.485564F, 171
1448486414,48.848902,2.367931,112.860893F, 170
1448486415,48.848948,2.367945,112.860893F, 172
1448486416,48.848994,2.367961,112.860893F, 172
1448486417,48.849045,2.367976,114.173229F, 172
1448486418,48.849093,2.367990,113.517061F, 175
1448486419,48.849137,2.368013,112.204725F, 174
1448486420,48.849182,2.368033,113.517061F, 174
1448486421,48.849224,2.368053,112.860893F, 174
1448486422,48.849266,2.368076,112.860893F, 176
1448486423,48.849306,2.368098,111.548557F, 174
1448486424,48.849345,2.368123,113.517061F, 174
1448486425,48.849388,2.368146,113.517061F, 175
1448486426,48.849433,2.368166,112.204725F, 177
1448486427,48.849477,2.368190,111.548557F, 175
1448486428,48.849518,2.368209,111.548557F, 174
1448486429,48.849561,2.368230,110.892389F, 176
1448486430,48.849608,2.368241,110.236221F, 177
1448486431,48.849651,2.368253,110.892389F, 177
1448486432,48.849695,2.368268,111.548557F, 176
1448486433,48.849740,2.368282,112.204725F, 177
1448486434,48.849783,2.368302,112.204725F, 176
1448486435,48.849825,2.368318,111.548557F, 175
1448486436,48.849867,2.368333,110.892389F, 177
1448486437,48.849910,2.368345,112.860893F, 175
1448486438,48.849948,2.368363,112.204725F, 176
1448486439,48.849980,2.368379,113.517061F, 176
1448486440,48.850008,2.368398,115.485564F, 175
1448486441,48.850031,2.368414,116.797900F, 176
1448486442,48.850050,2.368426,117.454068F, 175
1448486443,48.850065,2.368439,117.454068F, 175
1448486444,48.850078,2.368451,118.110236F, 174
1448486445,48.850087,2.368464,118.110236F, 174
1448486446,48.850094,2.368473,118.766404F, 175
1448486447,48.850103,2.368480,118.766404F, 174
1448486448,48.850112,2.368491,118.110236F, 173
1448486449,48.850121,2.368501,118.110236F, 172
1448486450,48.850130,2.368508,117.454068F, 172
1448486451,48.850140,2.368512,117.454068F, 172
1448486452,48.850151,2.368515,116.797900F, 171
1448486453,48.850161,2.368518,116.797900F, 171
1448486454,48.850167,2.368521,116.797900F, 171
1448486455,48.850176,2.368526,118.110236F, 170
1448486456,48.850185,2.368533,118.766404F, 170
1448486457,48.850195,2.368541,118.766404F, 170
1448486458,48.850204,2.368548,119.422572F, 170
1448486459,48.850216,2.368557,120.078740F, 169
1448486460,48.850227,2.368561,120.734908F, 167
1448486461,48.850239,2.368564,120.734908F, 166
1448486462,48.850256,2.368567,122.047244F, 166
1448486463,48.850269,2.368570,120.734908F, 165
1448486464,48.850279,2.368575,119.422572F, 164
1448486465,48.850290,2.368581,116.797900F, 163
1448486466,48.850302,2.368587,116.141732F, 161
1448486467,48.850313,2.368595,116.797900F, 160
1448486468,48.850325,2.368604,116.141732F, 158
1448486469,48.850336,2.368610,116.141732F, 155
1448486470,48.850346,2.368615,114.829397F, 152
1448486471,48.850357,2.368619,114.173229F, 150
1448486472,48.850366,2.368627,113.517061F, 148
1448486473,48.850373,2.368634,112.860893F, 146
1448486474,48.850381,2.368638,112.204725F, 144
1448486475,48.850392,2.368644,112.204725F, 143
1448486476,48.850400,2.368648,111.548557F, 140
1448486477,48.850408,2.368656,111.548557F, 139
1448486478,48.850416,2.368661,112.204725F, 133
1448486479,48.850424,2.368666,112.860893F, 131
1448486480,48.850433,2.368673,113.517061F, 129
1448486481,48.850443,2.368677,113.517061F, 128
1448486482,48.850454,2.368682,112.860893F, 126
1448486483,48.850465,2.368686,112.204725F, 123
1448486484,48.850475,2.368691,112.860893F, 121
1448486485,48.850489,2.368693,112.860893F, 119
1448486486,48.850502,2.368690,112.860893F, 119
1448486487,48.850518,2.368687,114.173229F, 116
1448486488,48.850532,2.368683,114.829397F, 114
1448486489,48.850547,2.368685,115.485564F, 112
1448486490,48.850557,2.368688,114.829397F, 112
1448486491,48.850564,2.368690,114.173229F, 114
1448486492,48.850574,2.368696,113.517061F, 113
1448486493,48.850586,2.368701,114.173229F, 114
1448486494,48.850602,2.368704,113.517061F, 117
1448486495,48.850620,2.368718,112.860893F, 118
1448486496,48.850635,2.368726,111.548557F, 118
1448486497,48.850649,2.368738,109.580053F, 117
1448486498,48.850668,2.368751,109.580053F, 117
1448486499,48.850689,2.368759,108.267717F, 118
1448486500,48.850716,2.368768,108.923885F, 120
1448486501,48.850751,2.368782,108.267717F, 123
1448486502,48.850791,2.368798,108.267717F, 128
1448486503,48.850832,2.368818,108.267717F, 130
1448486504,48.850878,2.368840,108.923885F, 130
1448486505,48.850928,2.368857,107.611549F, 130
1448486506,48.850978,2.368872,106.955381F, 131
1448486507,48.851024,2.368889,105.643045F, 133
1448486508,48.851073,2.368898,106.299213F, 141
1448486509,48.851115,2.368915,104.986877F, 143
1448486510,48.851166,2.368931,104.986877F, 143
1448486511,48.851210,2.368954,104.986877F, 143
1448486512,48.851258,2.368976,105.643045F, 144
1448486513,48.851309,2.368994,104.986877F, 147
1448486514,48.851357,2.369010,103.018373F, 151
1448486515,48.851407,2.369025,102.362205F, 157
1448486516,48.851458,2.369040,102.362205F, 164
1448486517,48.851504,2.369060,101.049869F, 165
1448486518,48.851552,2.369075,100.393701F, 165
1448486519,48.851599,2.369086,99.737533F, 167
1448486520,48.851645,2.369096,99.737533F, 168
1448486521,48.851689,2.369103,99.737533F, 169
1448486522,48.851730,2.369116,98.425197F, 169
1448486523,48.851816,2.369150,98.425197F, 171
1448486524,48.851816,2.369150,98.425197F, 171
1448486525,48.851858,2.369176,97.769029F, 171
1448486526,48.851900,2.369201,98.425197F, 174
1448486527,48.851942,2.369219,97.112861F, 173
1448486528,48.851983,2.369231,97.769029F, 173
1448486529,48.852026,2.369228,99.737533F, 175
1448486530,48.852065,2.369215,101.706037F, 174
1448486531,48.852102,2.369197,102.362205F, 174
1448486532,48.852136,2.369180,104.330709F, 175
1448486533,48.852173,2.369161,106.299213F, 177
1448486534,48.852210,2.369145,108.267717F, 175
1448486535,48.852247,2.369130,108.267717F, 175
1448486536,48.852287,2.369111,110.236221F, 177
1448486537,48.852326,2.369094,112.860893F, 178
1448486538,48.852364,2.369079,115.485564F, 177
1448486539,48.852399,2.369058,116.797900F, 176
1448486540,48.852429,2.369027,117.454068F, 178
1448486541,48.852457,2.368979,120.078740F, 178
1448486542,48.852481,2.368922,120.734908F, 177
1448486543,48.852501,2.368860,120.734908F, 179
1448486544,48.852517,2.368794,122.047244F, 179
1448486545,48.852524,2.368732,122.047244F, 178
1448486546,48.852523,2.368670,122.703412F, 178
1448486547,48.852515,2.368611,122.047244F, 179
1448486548,48.852501,2.368556,122.703412F, 179
1448486549,48.852483,2.368502,124.015748F, 178
1448486550,48.852457,2.368451,124.671916F, 178
1448486551,48.852427,2.368398,125.984252F, 179
1448486552,48.852396,2.368346,124.671916F, 180
1448486553,48.852366,2.368294,124.015748F, 178
1448486554,48.852335,2.368246,122.703412F, 179
1448486555,48.852302,2.368201,122.047244F, 179
1448486556,48.852268,2.368159,122.047244F, 180
1448486557,48.852227,2.368121,120.734908F, 180
1448486558,48.852185,2.368085,120.078740F, 179
1448486559,48.852141,2.368060,120.734908F, 180
1448486560,48.852098,2.368043,119.422572F, 180
1448486561,48.852054,2.368026,118.766404F, 180
1448486562,48.852012,2.368009,118.766404F, 181
1448486563,48.851967,2.367987,117.454068F, 180
1448486564,48.851922,2.367972,117.454068F, 179
1448486565,48.851874,2.367957,117.454068F, 181
1448486566,48.851830,2.367939,118.110236F, 183
1448486567,48.851785,2.367921,116.141732F, 181
1448486568,48.851744,2.367900,115.485564F, 182
1448486569,48.851702,2.367879,114.173229F, 181
1448486570,48.851659,2.367859,112.204725F, 180
1448486571,48.851616,2.367840,112.860893F, 181
1448486572,48.851575,2.367820,112.860893F, 182
1448486573,48.851535,2.367800,112.860893F, 182
1448486574,48.851496,2.367779,112.204725F, 183
1448486575,48.851456,2.367756,113.517061F, 183
1448486576,48.851414,2.367735,113.517061F, 182
1448486577,48.851374,2.367713,112.204725F, 182
1448486578,48.851334,2.367691,111.548557F, 181
1448486579,48.851294,2.367669,110.236221F, 181
1448486580,48.851255,2.367650,108.267717F, 181
1448486581,48.851218,2.367633,108.267717F, 182
1448486582,48.851183,2.367618,108.923885F, 182
1448486583,48.851147,2.367602,108.267717F, 182
1448486584,48.851112,2.367583,108.267717F, 183
1448486585,48.851074,2.367565,110.236221F, 183
1448486586,48.851037,2.367544,111.548557F, 182
1448486587,48.851003,2.367523,112.204725F, 183
1448486588,48.850969,2.367501,112.860893F, 183
1448486589,48.850937,2.367479,113.517061F, 182
1448486590,48.850906,2.367458,113.517061F, 182
1448486591,48.850872,2.367437,113.517061F, 182
1448486592,48.850840,2.367420,114.173229F, 182
1448486593,48.850808,2.367401,114.173229F, 182
1448486594,48.850776,2.367383,114.829397F, 184
1448486595,48.850741,2.367364,114.829397F, 183
1448486596,48.850700,2.367344,114.173229F, 184
1448486597,48.850657,2.367327,112.204725F, 182
1448486598,48.850615,2.367310,111.548557F, 182
1448486599,48.850572,2.367290,110.236221F, 182
1448486600,48.850531,2.367271,110.892389F, 182
1448486601,48.850487,2.367251,108.923885F, 182
1448486602,48.850443,2.367230,108.267717F, 182
1448486603,48.850403,2.367209,108.923885F, 183
1448486604,48.850363,2.367192,110.892389F, 181
1448486605,48.850322,2.367177,112.204725F, 182
1448486606,48.850278,2.367159,110.892389F, 183
1448486607,48.850233,2.367142,111.548557F, 182
1448486608,48.850188,2.367124,111.548557F, 181
1448486609,48.850146,2.367109,112.204725F, 182
1448486610,48.850103,2.367096,112.860893F, 181
1448486611,48.850064,2.367075,113.517061F, 182
1448486612,48.850024,2.367055,112.860893F, 181
1448486613,48.849979,2.367038,112.860893F, 181
1448486614,48.849937,2.367019,114.173229F, 181
1448486615,48.849894,2.366995,113.517061F, 181
1448486616,48.849853,2.366974,112.860893F, 181
1448486617,48.849815,2.366957,113.517061F, 181
1448486618,48.849777,2.366938,114.829397F, 180
1448486619,48.849742,2.366921,114.829397F, 180
1448486620,48.849714,2.366905,114.829397F, 180
1448486621,48.849694,2.366895,114.829397F, 180
1448486622,48.849683,2.366891,114.829397F, 180
1448486623,48.849676,2.366886,115.485564F, 179
1448486624,48.849667,2.366886,114.829397F, 179
1448486625,48.849659,2.366876,112.860893F, 177
1448486626,48.849650,2.366865,112.860893F, 176
1448486627,48.849637,2.366855,112.860893F, 177
1448486628,48.849623,2.366847,113.517061F, 177
1448486629,48.849609,2.366840,112.860893F, 176
1448486630,48.849594,2.366836,112.860893F, 176
1448486631,48.849580,2.366831,111.548557F, 176
1448486632,48.849568,2.366820,110.892389F, 176
1448486633,48.849555,2.366815,110.236221F, 175
1448486634,48.849543,2.366812,109.580053F, 173
1448486635,48.849530,2.366808,109.580053F, 176
1448486636,48.849517,2.366800,109.580053F, 173
1448486637,48.849504,2.366794,108.267717F, 173
1448486638,48.849491,2.366790,108.267717F, 173
1448486639,48.849477,2.366785,107.611549F, 173
1448486640,48.849462,2.366784,108.923885F, 173
1448486641,48.849449,2.366782,110.236221F, 173
1448486642,48.849435,2.366781,113.517061F, 171
1448486643,48.849423,2.366777,113.517061F, 168
1448486644,48.849412,2.366775,114.173229F, 165
1448486645,48.849401,2.366773,113.517061F, 165
1448486646,48.849389,2.366772,114.829397F, 162
1448486647,48.849379,2.366764,113.517061F, 159
1448486648,48.849368,2.366754,113.517061F, 158
1448486649,48.849359,2.366744,112.860893F, 157
1448486650,48.849350,2.366737,112.204725F, 155
1448486651,48.849338,2.366728,111.548557F, 153
1448486652,48.849325,2.366718,110.892389F, 151
1448486653,48.849311,2.366712,111.548557F, 148
1448486654,48.849298,2.366705,112.204725F, 146
1448486655,48.849287,2.366697,111.548557F, 143
1448486656,48.849276,2.366687,111.548557F, 143
1448486657,48.849264,2.366678,111.548557F, 140
1448486658,48.849250,2.366671,112.204725F, 140
1448486659,48.849236,2.366663,112.204725F, 140
1448486660,48.849222,2.366657,112.204725F, 137
1448486661,48.849207,2.366656,112.860893F, 135
1448486662,48.849193,2.366654,113.517061F, 133
1448486663,48.849179,2.366651,114.829397F, 130
1448486664,48.849165,2.366648,115.485564F, 128
1448486665,48.849151,2.366642,115.485564F, 126
1448486666,48.849137,2.366637,116.141732F, 125
1448486667,48.849125,2.366633,116.141732F, 124
1448486668,48.849114,2.366628,115.485564F, 124
1448486669,48.849101,2.366622,115.485564F, 123
1448486670,48.849090,2.366619,116.797900F, 122
1448486671,48.849077,2.366616,116.797900F, 121
1448486672,48.849063,2.366611,117.454068F, 121
1448486673,48.849048,2.366608,118.110236F, 120
1448486674,48.849033,2.366607,116.141732F, 117
1448486675,48.849021,2.366605,116.141732F, 116
1448486676,48.849008,2.366604,116.797900F, 116
1448486677,48.848997,2.366602,116.141732F, 116
1448486678,48.848986,2.366602,114.829397F, 116
1448486679,48.848970,2.366598,114.829397F, 116
1448486680,48.848951,2.366587,115.485564F, 116
1448486681,48.848927,2.366573,116.141732F, 117
1448486682,48.848895,2.366557,116.141732F, 121
1448486683,48.848859,2.366541,114.829397F, 124
1448486684,48.848822,2.366522,114.173229F, 127
1448486685,48.848786,2.366503,114.173229F, 128
1448486686,48.848750,2.366484,114.829397F, 130
1448486687,48.848716,2.366466,114.173229F, 132
1448486688,48.848678,2.366450,114.173229F, 134
1448486689,48.848642,2.366433,114.829397F, 134
1448486690,48.848606,2.366416,115.485564F, 134
1448486691,48.848572,2.366398,116.141732F, 136
1448486692,48.848537,2.366380,114.173229F, 138
1448486693,48.848501,2.366362,113.517061F, 139
1448486694,48.848464,2.366344,112.860893F, 141
1448486695,48.848426,2.366328,112.860893F, 143
1448486696,48.848354,2.366302,112.860893F, 143
1448486697,48.848354,2.366302,112.860893F, 142
1448486698,48.848320,2.366286,114.173229F, 144
1448486699,48.848285,2.366273,115.485564F, 145
1448486700,48.848254,2.366259,118.110236F, 145
1448486701,48.848220,2.366241,118.766404F, 145
1448486702,48.848186,2.366220,118.110236F, 146
1448486703,48.848154,2.366203,118.766404F, 147
1448486704,48.848122,2.366188,119.422572F, 146
1448486705,48.848089,2.366170,120.078740F, 147
1448486706,48.848055,2.366153,120.734908F, 148
1448486707,48.848022,2.366130,120.734908F, 148
1448486708,48.847989,2.366114,122.047244F, 149
1448486709,48.847956,2.366096,123.359580F, 150
1448486710,48.847923,2.366077,124.671916F, 150
1448486711,48.847889,2.366056,125.328084F, 151
1448486712,48.847856,2.366030,124.015748F, 151
1448486713,48.847822,2.366008,122.703412F, 151
1448486714,48.847783,2.365985,122.047244F, 151
1448486715,48.847747,2.365961,121.391076F, 151
1448486716,48.847709,2.365942,119.422572F, 152
1448486717,48.847675,2.365920,118.110236F, 153
1448486718,48.847642,2.365893,115.485564F, 153
1448486719,48.847612,2.365868,115.485564F, 155
1448486720,48.847582,2.365840,114.173229F, 154
1448486721,48.847554,2.365809,114.173229F, 155
1448486722,48.847532,2.365773,114.173229F, 155
1448486723,48.847526,2.365723,113.517061F, 156
1448486724,48.847529,2.365674,113.517061F, 156
1448486725,48.847542,2.365626,112.860893F, 156
1448486726,48.847561,2.365580,112.860893F, 157
1448486727,48.847580,2.365539,112.860893F, 158
1448486728,48.847602,2.365500,112.204725F, 157
1448486729,48.847626,2.365464,112.204725F, 157
1448486730,48.847656,2.365425,111.548557F, 159
1448486731,48.847682,2.365388,111.548557F, 159
1448486732,48.847706,2.365351,112.204725F, 158
1448486733,48.847733,2.365317,112.860893F, 161
1448486734,48.847767,2.365287,112.204725F, 160
1448486735,48.847796,2.365258,111.548557F, 160
1448486736,48.847830,2.365233,110.236221F, 162
1448486737,48.847860,2.365207,109.580053F, 161
1448486738,48.847887,2.365184,108.267717F, 162
1448486739,48.847913,2.365163,108.267717F, 163
1448486740,48.847943,2.365139,106.955381F, 163
1448486741,48.847972,2.365113,106.955381F, 162
1448486742,48.848008,2.365086,104.330709F, 165
1448486743,48.848037,2.365066,103.674541F, 164
1448486744,48.848066,2.365046,101.706037F, 163
1448486745,48.848091,2.365033,100.393701F, 165
1448486746,48.848119,2.365015,98.425197F, 165
1448486747,48.848150,2.364998,97.769029F, 164
1448486748,48.848183,2.364977,96.456693F, 165
1448486749,48.848200,2.364935,95.800525F, 167
1448486750,48.848224,2.364907,93.832021F, 166
1448486751,48.848246,2.364883,92.519685F, 165
1448486752,48.848271,2.364862,92.519685F, 165
1448486753,48.848298,2.364843,95.144357F, 166
1448486754,48.848331,2.364818,96.456693F, 167
1448486755,48.848366,2.364796,95.800525F, 167
1448486756,48.848404,2.364774,94.488189F, 165
1448486757,48.848438,2.364752,93.832021F, 166
1448486758,48.848477,2.364721,87.270341F, 167
1448486759,48.848512,2.364694,82.677165F, 167
1448486760,48.848550,2.364655,71.522310F, 166
1448486761,48.848610,2.364588,60.367454F, 165
1448486762,48.848610,2.364588,60.367454F, 166
1448486763,48.848633,2.364557,55.774278F, 166
1448486764,48.848659,2.364533,53.805774F, 166
1448486765,48.848691,2.364532,53.149606F, 164
1448486766,48.848717,2.364507,48.556431F, 165
1448486767,48.848743,2.364472,39.370079F, 165
1448486768,48.848775,2.364439,35.433071F, 165
1448486769,48.848918,2.364465,77.427822F, 163
1448486770,48.848970,2.364443,85.301837F, 164
1448486771,48.849000,2.364409,83.989501F, 165
1448486772,48.849034,2.364383,82.677165F, 165
1448486773,48.849071,2.364351,83.333333F, 163
1448486774,48.849102,2.364320,82.677165F, 164
1448486775,48.849140,2.364291,83.333333F, 165
1448486776,48.849185,2.364266,88.582677F, 164
1448486777,48.849215,2.364232,85.301837F, 163
1448486778,48.849240,2.364198,85.301837F, 162
1448486779,48.849267,2.364154,82.020998F, 164
1448486780,48.849299,2.364120,82.020998F, 163
1448486781,48.849330,2.364090,80.708662F, 163
1448486782,48.849355,2.364061,79.396326F, 164
1448486783,48.849383,2.364031,78.740158F, 164
1448486784,48.849409,2.363999,78.740158F, 163
1448486785,48.849433,2.363971,78.083990F, 162
1448486786,48.849460,2.363941,77.427822F, 164
1448486787,48.849486,2.363910,76.115486F, 163
1448486788,48.849520,2.363884,76.771654F, 162
1448486789,48.849551,2.363859,77.427822F, 163
1448486790,48.849581,2.363831,78.083990F, 163
1448486791,48.849607,2.363799,80.052494F, 162
1448486792,48.849645,2.363774,86.614173F, 164
1448486793,48.849672,2.363744,89.895013F, 164
1448486794,48.849701,2.363712,92.519685F, 163
1448486795,48.849729,2.363683,95.800525F, 164
1448486796,48.849756,2.363647,97.112861F, 165
1448486797,48.849781,2.363608,98.425197F, 164
1448486798,48.849807,2.363575,100.393701F, 163
1448486799,48.849832,2.363544,101.049869F, 165
1448486800,48.849859,2.363516,101.706037F, 165
1448486801,48.849881,2.363477,102.362205F, 164
1448486802,48.849900,2.363434,102.362205F, 163
1448486803,48.849895,2.363363,103.018373F, 165
1448486804,48.849884,2.363274,105.643045F, 166
1448486805,48.849900,2.363232,108.923885F, 163
1448486806,48.849920,2.363179,111.548557F, 165
1448486807,48.849919,2.363104,111.548557F, 165
1448486808,48.849914,2.363011,116.797900F, 164
1448486809,48.849917,2.362966,116.797900F, 162
1448486810,48.849933,2.362912,119.422572F, 164
1448486811,48.849943,2.362850,118.110236F, 165
1448486812,48.849965,2.362804,120.078740F, 163
1448486813,48.849974,2.362760,118.110236F, 164
1448486814,48.850000,2.362716,118.110236F, 165
1448486815,48.850026,2.362675,121.391076F, 164
1448486816,48.850052,2.362641,117.454068F, 164
1448486817,48.850067,2.362608,108.267717F, 165
1448486818,48.850085,2.362573,100.393701F, 165
1448486819,48.850097,2.362550,95.144357F, 165
1448486820,48.850190,2.362557,129.265092F, 164
1448486821,48.850298,2.362536,154.199475F, 166
1448486822,48.850298,2.362536,154.199475F, 166
1448486823,48.850325,2.362522,150.918635F, 166
1448486824,48.850369,2.362510,150.262467F, 165
1448486825,48.850414,2.362504,149.606299F, 165
1448486826,48.850455,2.362494,148.293963F, 165
1448486827,48.850483,2.362474,147.637796F, 166
1448486828,48.850512,2.362452,146.981628F, 165
1448486829,48.850541,2.362431,145.013124F, 164
1448486830,48.850569,2.362410,143.044620F, 166
1448486831,48.850596,2.362390,140.419948F, 166
1448486832,48.850625,2.362367,138.451444F, 165
1448486833,48.850649,2.362341,133.202100F, 165
1448486834,48.850675,2.362314,130.577428F, 166
1448486835,48.850698,2.362291,129.265092F, 166
1448486836,48.850719,2.362267,127.952756F, 166
1448486837,48.850738,2.362245,125.328084F, 166
1448486838,48.850752,2.362229,120.078740F, 166
1448486839,48.850761,2.362218,116.141732F, 164
1448486840,48.850771,2.362216,112.204725F, 163
1448486841,48.850777,2.362212,109.580053F, 163
1448486842,48.850783,2.362205,105.643045F, 162
1448486843,48.850786,2.362191,101.049869F, 162
1448486844,48.850791,2.362176,98.425197F, 161
1448486845,48.850796,2.362159,93.832021F, 161
1448486846,48.850802,2.362143,91.863517F, 160
1448486847,48.850806,2.362126,88.582677F, 160
1448486848,48.850814,2.362107,82.020998F, 160
1448486849,48.850820,2.362091,79.396326F, 160
1448486850,48.850825,2.362077,78.740158F, 159
1448486851,48.850833,2.362065,80.052494F, 157
1448486852,48.850838,2.362050,80.708662F, 157
1448486853,48.850847,2.362037,80.052494F, 155
1448486854,48.850851,2.362025,80.052494F, 155
1448486855,48.850851,2.362009,80.052494F, 152
1448486856,48.850849,2.361992,78.740158F, 151
1448486857,48.850847,2.361976,80.052494F, 147
1448486858,48.850843,2.361955,78.083990F, 144
1448486859,48.850846,2.361941,77.427822F, 140
1448486860,48.850845,2.361928,77.427822F, 138
1448486861,48.850843,2.361915,78.083990F, 135
1448486862,48.850840,2.361904,79.396326F, 134
1448486863,48.850838,2.361891,80.052494F, 133
1448486864,48.850835,2.361876,80.052494F, 134
1448486865,48.850831,2.361864,80.708662F, 131
1448486866,48.850831,2.361854,82.020998F, 130
1448486867,48.850834,2.361848,86.614173F, 126
1448486868,48.850835,2.361840,91.207349F, 119
1448486869,48.850836,2.361826,93.832021F, 116
1448486870,48.850831,2.361808,94.488189F, 115
1448486871,48.850833,2.361794,97.769029F, 116
1448486872,48.850828,2.361780,99.737533F, 118
1448486873,48.850825,2.361767,101.706037F, 120
1448486874,48.850822,2.361749,103.018373F, 120
1448486875,48.850816,2.361732,103.674541F, 118
1448486876,48.850812,2.361714,103.674541F, 116
1448486877,48.850810,2.361694,103.674541F, 115
1448486878,48.850814,2.361670,103.674541F, 114
1448486879,48.850823,2.361648,103.674541F, 113
1448486880,48.850837,2.361627,104.986877F, 113
1448486881,48.850853,2.361606,106.299213F, 112
1448486882,48.850868,2.361595,108.267717F, 112
1448486883,48.850882,2.361586,108.267717F, 112
1448486884,48.850896,2.361575,108.923885F, 112
1448486885,48.850909,2.361556,107.611549F, 113
1448486886,48.850921,2.361529,108.267717F, 115
1448486887,48.850926,2.361486,108.923885F, 118
1448486888,48.850921,2.361437,111.548557F, 123
1448486889,48.850900,2.361379,111.548557F, 123
1448486890,48.850872,2.361315,111.548557F, 121
1448486891,48.850843,2.361244,112.204725F, 121
1448486892,48.850813,2.361168,114.173229F, 121
1448486893,48.850780,2.361093,113.517061F, 122
1448486894,48.850750,2.361019,113.517061F, 123
1448486895,48.850722,2.360946,112.860893F, 129
1448486896,48.850699,2.360873,112.204725F, 136
1448486897,48.850676,2.360800,111.548557F, 140
1448486898,48.850652,2.360729,110.236221F, 145
1448486899,48.850627,2.360660,110.892389F, 149
1448486900,48.850604,2.360592,110.892389F, 152
1448486901,48.850577,2.360518,108.923885F, 159
1448486902,48.850552,2.360445,107.611549F, 165
1448486903,48.850525,2.360373,106.955381F, 166
1448486904,48.850501,2.360309,107.611549F, 168
1448486905,48.850486,2.360251,108.267717F, 167
1448486906,48.850483,2.360199,108.267717F, 168
1448486907,48.850488,2.360155,109.580053F, 167
1448486908,48.850504,2.360119,111.548557F, 168
1448486909,48.850528,2.360093,110.892389F, 167
1448486910,48.850556,2.360086,110.892389F, 167
1448486911,48.850589,2.360092,109.580053F, 167
1448486912,48.850622,2.360098,109.580053F, 168
1448486913,48.850660,2.360107,109.580053F, 167
1448486914,48.850692,2.360118,109.580053F, 167
1448486915,48.850729,2.360120,107.611549F, 167
1448486916,48.850762,2.360125,108.267717F, 167
1448486917,48.850791,2.360130,106.299213F, 167
1448486918,48.850823,2.360135,106.299213F, 166
1448486919,48.850851,2.360139,104.986877F, 165
1448486920,48.850880,2.360138,104.330709F, 165
1448486921,48.850909,2.360135,102.362205F, 164
1448486922,48.850939,2.360116,97.769029F, 164
1448486923,48.850968,2.360088,93.175853F, 165
1448486924,48.851000,2.360059,89.238845F, 165
1448486925,48.851028,2.360034,83.989501F, 165
1448486926,48.851054,2.360006,78.740158F, 166
1448486927,48.851078,2.359984,75.459318F, 166
1448486928,48.851101,2.359953,73.490814F, 164
1448486929,48.851121,2.359925,71.522310F, 164
1448486930,48.851148,2.359892,68.897638F, 164
1448486931,48.851175,2.359855,65.616798F, 165
1448486932,48.851196,2.359819,62.992126F, 166
1448486933,48.851215,2.359784,57.742782F, 165
1448486934,48.851234,2.359753,53.805774F, 164
1448486935,48.851256,2.359722,51.181102F, 164
1448486936,48.851277,2.359690,48.556431F, 163
1448486937,48.851303,2.359661,47.900263F, 164
1448486938,48.851324,2.359629,44.619423F, 164
1448486939,48.851351,2.359600,43.963255F, 163
1448486940,48.851374,2.359566,43.307087F, 161
1448486941,48.851394,2.359526,43.963255F, 162
1448486942,48.851414,2.359487,43.963255F, 164
1448486943,48.851433,2.359452,43.307087F, 164
1448486944,48.851450,2.359419,43.307087F, 162
1448486945,48.851470,2.359385,43.307087F, 161
1448486946,48.851492,2.359350,44.619423F, 161
1448486947,48.851525,2.359277,41.994751F, 162
1448486948,48.851525,2.359277,41.994751F, 162
1448486949,48.851541,2.359241,41.994751F, 162
1448486950,48.851560,2.359207,42.650919F, 160
1448486951,48.851576,2.359171,43.307087F, 159
1448486952,48.851594,2.359137,43.963255F, 160
1448486953,48.851612,2.359100,44.619423F, 162
1448486954,48.851632,2.359061,45.931759F, 161
1448486955,48.851651,2.359022,46.587927F, 161
1448486956,48.851667,2.358983,47.244095F, 161
1448486957,48.851682,2.358948,47.900263F, 163
1448486958,48.851696,2.358908,47.244095F, 162
1448486959,48.851714,2.358868,47.900263F, 162
1448486960,48.851749,2.358789,47.900263F, 162
1448486961,48.851749,2.358789,47.900263F, 162
1448486962,48.851765,2.358745,47.244095F, 162
1448486963,48.851798,2.358656,44.619423F, 162
1448486964,48.851798,2.358656,44.619423F, 161
1448486965,48.851818,2.358611,46.587927F, 163
1448486966,48.851848,2.358570,54.461942F, 164
1448486967,48.851867,2.358524,56.430446F, 164
1448486968,48.851886,2.358477,59.055118F, 163
1448486969,48.851907,2.358435,61.023622F, 163
1448486970,48.851924,2.358395,62.992126F, 164
1448486971,48.851942,2.358354,64.304462F, 165
1448486972,48.851958,2.358313,65.616798F, 164
1448486973,48.851971,2.358272,66.272966F, 163
1448486974,48.851987,2.358231,68.897638F, 163
1448486975,48.852001,2.358187,68.897638F, 164
1448486976,48.852015,2.358148,70.209974F, 165
1448486977,48.852028,2.358106,70.209974F, 164
1448486978,48.852042,2.358067,70.866142F, 165
1448486979,48.852057,2.358025,71.522310F, 165
1448486980,48.852072,2.357986,71.522310F, 164
1448486981,48.852088,2.357944,72.834646F, 165
1448486982,48.852103,2.357906,72.834646F, 164
1448486983,48.852117,2.357869,74.146982F, 164
1448486984,48.852131,2.357828,72.834646F, 163
1448486985,48.852140,2.357784,71.522310F, 163
1448486986,48.852154,2.357742,71.522310F, 164
1448486987,48.852167,2.357702,72.834646F, 164
1448486988,48.852179,2.357660,72.834646F, 162
1448486989,48.852190,2.357616,72.834646F, 162
1448486990,48.852204,2.357575,73.490814F, 163
1448486991,48.852217,2.357536,76.771654F, 163
1448486992,48.852226,2.357496,78.083990F, 161
1448486993,48.852239,2.357451,78.083990F, 162
1448486994,48.852252,2.357407,78.740158F, 163
1448486995,48.852267,2.357365,79.396326F, 165
1448486996,48.852284,2.357322,80.052494F, 163
1448486997,48.852299,2.357280,80.708662F, 163
1448486998,48.852315,2.357238,80.708662F, 164
1448486999,48.852331,2.357198,82.020998F, 165
1448487000,48.852344,2.357160,82.677165F, 164
1448487001,48.852362,2.357122,86.614173F, 164
1448487002,48.852379,2.357079,88.582677F, 165
1448487003,48.852398,2.357034,89.895013F, 165
1448487004,48.852416,2.356985,89.895013F, 166
1448487005,48.852440,2.356941,93.175853F, 166
1448487006,48.852455,2.356887,91.863517F, 167
1448487007,48.852470,2.356831,89.895013F, 168
1448487008,48.852485,2.356772,88.582677F, 167
1448487009,48.852508,2.356710,89.238845F, 167
1448487010,48.852532,2.356641,87.926509F, 169
1448487011,48.852552,2.356568,85.301837F, 170
1448487012,48.852575,2.356499,83.989501F, 170
1448487013,48.852593,2.356428,82.677165F, 172
1448487014,48.852616,2.356358,80.708662F, 173
1448487015,48.852664,2.356221,76.771654F, 174
1448487016,48.852664,2.356221,76.771654F, 176
1448487017,48.852688,2.356153,78.083990F, 175
1448487018,48.852708,2.356086,77.427822F, 176
1448487019,48.852728,2.356017,75.459318F, 179
1448487020,48.852748,2.355950,74.803150F, 178
1448487021,48.852766,2.355886,74.146982F, 180
1448487022,48.852786,2.355823,73.490814F, 180
1448487023,48.852806,2.355758,72.178478F, 178
1448487024,48.852823,2.355691,68.897638F, 180
1448487025,48.852844,2.355626,69.553806F, 181
1448487026,48.852863,2.355563,68.897638F, 181
1448487027,48.852883,2.355499,66.272966F, 180
1448487028,48.852910,2.355437,67.585302F, 182
1448487029,48.852933,2.355374,68.241470F, 180
1448487030,48.852954,2.355311,68.897638F, 180
1448487031,48.852978,2.355248,69.553806F, 181
1448487032,48.852998,2.355182,69.553806F, 183
1448487033,48.853020,2.355118,70.866142F, 182
1448487034,48.853042,2.355055,70.866142F, 181
1448487035,48.853061,2.354993,68.897638F, 182
1448487036,48.853079,2.354935,69.553806F, 183
1448487037,48.853094,2.354876,69.553806F, 183
1448487038,48.853113,2.354812,69.553806F, 183
1448487039,48.853132,2.354748,69.553806F, 183
1448487040,48.853149,2.354683,68.241470F, 183
1448487041,48.853164,2.354619,67.585302F, 181
1448487042,48.853179,2.354559,66.929134F, 183
1448487043,48.853194,2.354502,66.272966F, 184
1448487044,48.853210,2.354446,65.616798F, 184
1448487045,48.853228,2.354393,66.929134F, 183
1448487046,48.853246,2.354341,67.585302F, 183
1448487047,48.853264,2.354292,66.929134F, 183
1448487048,48.853281,2.354244,66.272966F, 183
1448487049,48.853290,2.354199,65.616798F, 182
1448487050,48.853301,2.354157,64.304462F, 182
1448487051,48.853315,2.354126,64.960630F, 184
1448487052,48.853329,2.354110,66.272966F, 182
1448487053,48.853336,2.354095,67.585302F, 180
1448487054,48.853339,2.354078,68.897638F, 179
1448487055,48.853339,2.354060,70.209974F, 180
1448487056,48.853338,2.354047,71.522310F, 179
1448487057,48.853337,2.354035,73.490814F, 179
1448487058,48.853333,2.354021,75.459318F, 177
1448487059,48.853332,2.354008,79.396326F, 177
1448487060,48.853328,2.353993,82.020998F, 177
1448487061,48.853326,2.353984,85.958005F, 176
1448487062,48.853326,2.353975,89.238845F, 176
1448487063,48.853323,2.353966,89.895013F, 176
1448487064,48.853322,2.353959,92.519685F, 176
1448487065,48.853318,2.353953,94.488189F, 174
1448487066,48.853313,2.353945,95.800525F, 173
1448487067,48.853306,2.353938,97.769029F, 173
1448487068,48.853296,2.353930,98.425197F, 172
1448487069,48.853287,2.353920,99.737533F, 171
1448487070,48.853280,2.353911,101.049869F, 170
1448487071,48.853269,2.353899,102.362205F, 170
1448487072,48.853258,2.353888,103.674541F, 169
1448487073,48.853247,2.353880,104.986877F, 168
1448487074,48.853238,2.353871,106.299213F, 166
1448487075,48.853227,2.353866,106.955381F, 164
1448487076,48.853217,2.353860,107.611549F, 162
1448487077,48.853202,2.353852,109.580053F, 161
1448487078,48.853189,2.353846,110.892389F, 161
1448487079,48.853178,2.353840,110.892389F, 160
1448487080,48.853166,2.353835,112.204725F, 158
1448487081,48.853159,2.353824,112.204725F, 154
1448487082,48.853151,2.353813,112.204725F, 152
1448487083,48.853146,2.353795,111.548557F, 147
1448487084,48.853136,2.353786,110.892389F, 145
1448487085,48.853128,2.353779,110.892389F, 142
1448487086,48.853119,2.353770,111.548557F, 143
1448487087,48.853105,2.353761,111.548557F, 143
1448487088,48.853090,2.353749,111.548557F, 143
1448487089,48.853081,2.353734,112.204725F, 140
1448487090,48.853068,2.353723,114.173229F, 136
1448487091,48.853059,2.353707,114.829397F, 133
1448487092,48.853047,2.353695,115.485564F, 131
1448487093,48.853037,2.353684,115.485564F, 130
1448487094,48.853023,2.353679,116.141732F, 128
1448487095,48.853002,2.353687,115.485564F, 127
1448487096,48.852994,2.353673,115.485564F, 127
1448487097,48.852985,2.353653,114.173229F, 127
1448487098,48.852975,2.353637,113.517061F, 126
1448487099,48.852965,2.353626,112.204725F, 126
1448487100,48.852955,2.353616,111.548557F, 125
1448487101,48.852945,2.353609,110.892389F, 123
1448487102,48.852934,2.353604,110.236221F, 121
1448487103,48.852930,2.353596,108.923885F, 120
1448487104,48.852925,2.353585,108.267717F, 120
1448487105,48.852919,2.353566,108.923885F, 120
1448487106,48.852908,2.353540,107.611549F, 120
1448487107,48.852891,2.353513,108.923885F, 123
1448487108,48.852872,2.353487,109.580053F, 124
1448487109,48.852849,2.353456,110.236221F, 124
1448487110,48.852825,2.353435,108.923885F, 126
1448487111,48.852800,2.353407,108.267717F, 128
1448487112,48.852778,2.353383,107.611549F, 128
1448487113,48.852757,2.353367,107.611549F, 128
1448487114,48.852733,2.353362,108.267717F, 130
1448487115,48.852707,2.353362,108.267717F, 131
1448487116,48.852679,2.353366,108.267717F, 132
1448487117,48.852650,2.353373,107.611549F, 133
1448487118,48.852619,2.353392,107.611549F, 135
1448487119,48.852589,2.353412,107.611549F, 136
1448487120,48.852556,2.353435,107.611549F, 137
1448487121,48.852524,2.353462,108.267717F, 136
1448487122,48.852490,2.353487,107.611549F, 136
1448487123,48.852456,2.353509,108.267717F, 137
1448487124,48.852425,2.353537,108.923885F, 138
1448487125,48.852391,2.353563,109.580053F, 137
1448487126,48.852363,2.353594,110.892389F, 137
1448487127,48.852333,2.353623,109.580053F, 138
1448487128,48.852308,2.353654,109.580053F, 138
1448487129,48.852281,2.353684,109.580053F, 139
1448487130,48.852253,2.353715,109.580053F, 141
1448487131,48.852220,2.353739,110.236221F, 139
1448487132,48.852185,2.353766,111.548557F, 141
1448487133,48.852151,2.353788,112.204725F, 143
1448487134,48.852121,2.353814,112.204725F, 143
1448487135,48.852089,2.353835,112.860893F, 143
1448487136,48.852058,2.353860,113.517061F, 143
1448487137,48.852027,2.353888,113.517061F, 143
1448487138,48.851997,2.353916,113.517061F, 143
1448487139,48.851971,2.353941,114.173229F, 144
1448487140,48.851944,2.353967,115.485564F, 145
1448487141,48.851917,2.353996,115.485564F, 145
1448487142,48.851888,2.354023,115.485564F, 145
1448487143,48.851861,2.354052,115.485564F, 145
1448487144,48.851834,2.354079,116.141732F, 145
1448487145,48.851813,2.354109,117.454068F, 144
1448487146,48.851786,2.354137,116.797900F, 145
1448487147,48.851758,2.354167,116.141732F, 144
1448487148,48.851728,2.354195,115.485564F, 144
1448487149,48.851702,2.354220,116.797900F, 144
1448487150,48.851674,2.354247,117.454068F, 145
1448487151,48.851653,2.354282,118.110236F, 145
1448487152,48.851639,2.354316,119.422572F, 146
1448487153,48.851625,2.354355,121.391076F, 146
1448487154,48.851609,2.354395,122.703412F, 146
1448487155,48.851599,2.354438,123.359580F, 146
1448487156,48.851589,2.354481,124.671916F, 147
1448487157,48.851578,2.354525,127.296588F, 147
1448487158,48.851568,2.354573,129.921260F, 148
1448487159,48.851557,2.354623,131.233596F, 147
1448487160,48.851546,2.354671,131.889764F, 148
1448487161,48.851537,2.354720,133.858268F, 147
1448487162,48.851527,2.354770,135.170604F, 149
1448487163,48.851512,2.354821,136.482940F, 149
1448487164,48.851502,2.354869,137.795276F, 149
1448487165,48.851494,2.354920,138.451444F, 148
1448487166,48.851483,2.354968,138.451444F, 148
1448487167,48.851473,2.355017,137.795276F, 148
1448487168,48.851461,2.355064,136.482940F, 149
1448487169,48.851450,2.355109,135.170604F, 149
1448487170,48.851437,2.355154,133.858268F, 150
1448487171,48.851425,2.355200,131.889764F, 150
1448487172,48.851411,2.355246,131.233596F, 151
1448487173,48.851395,2.355288,130.577428F, 151
1448487174,48.851379,2.355334,130.577428F, 150
1448487175,48.851366,2.355378,130.577428F, 152
1448487176,48.851358,2.355422,131.889764F, 152
1448487177,48.851349,2.355464,133.202100F, 152
1448487178,48.851340,2.355508,133.202100F, 153
1448487179,48.851333,2.355554,133.202100F, 153
1448487180,48.851323,2.355598,133.858268F, 154
1448487181,48.851309,2.355642,134.514436F, 154
1448487182,48.851297,2.355686,135.826772F, 152
1448487183,48.851285,2.355731,138.451444F, 152
1448487184,48.851275,2.355773,139.107612F, 152
1448487185,48.851266,2.355811,138.451444F, 151
1448487186,48.851256,2.355847,139.107612F, 150
1448487187,48.851246,2.355880,140.419948F, 150
1448487188,48.851225,2.355899,146.325460F, 149
1448487189,48.851207,2.355927,149.606299F, 149
1448487190,48.851192,2.355964,150.262467F, 149
1448487191,48.851167,2.355992,156.824147F, 150
1448487192,48.851147,2.356032,159.448819F, 150
1448487193,48.851126,2.356075,161.417323F, 151
1448487194,48.851108,2.356115,164.041995F, 151
1448487195,48.851087,2.356152,166.010499F, 154
1448487196,48.851066,2.356189,166.666667F, 153
1448487197,48.851043,2.356227,167.322835F, 153
1448487198,48.851026,2.356275,169.291339F, 154
1448487199,48.851005,2.356324,168.635171F, 154
1448487200,48.850992,2.356377,169.291339F, 155
1448487201,48.850978,2.356436,169.291339F, 155
1448487202,48.850964,2.356490,169.947507F, 155
1448487203,48.850947,2.356547,169.291339F, 155
1448487204,48.850935,2.356601,169.291339F, 156
1448487205,48.850916,2.356649,166.010499F, 156
1448487206,48.850896,2.356699,166.010499F, 157
1448487207,48.850878,2.356748,165.354331F, 158
1448487208,48.850860,2.356796,164.041995F, 158
1448487209,48.850844,2.356843,163.385827F, 158
1448487210,48.850829,2.356893,157.480315F, 157
1448487211,48.850814,2.356943,154.199475F, 158
1448487212,48.850796,2.356993,153.543307F, 157
1448487213,48.850782,2.357048,151.574803F, 158
1448487214,48.850770,2.357110,148.293963F, 158
1448487215,48.850767,2.357184,138.451444F, 158
1448487216,48.850758,2.357244,137.795276F, 159
1448487217,48.850743,2.357300,137.139108F, 160
1448487218,48.850727,2.357357,133.858268F, 161
1448487219,48.850707,2.357417,132.545932F, 161
1448487220,48.850687,2.357477,131.889764F, 161
1448487221,48.850663,2.357527,133.202100F, 163
1448487222,48.850643,2.357581,131.889764F, 163
1448487223,48.850625,2.357632,131.233596F, 165
1448487224,48.850608,2.357683,129.921260F, 164
1448487225,48.850591,2.357735,130.577428F, 164
1448487226,48.850575,2.357785,131.233596F, 165
1448487227,48.850558,2.357841,131.233596F, 164
1448487228,48.850540,2.357896,130.577428F, 166
1448487229,48.850520,2.357955,129.921260F, 166
1448487230,48.850500,2.358013,129.921260F, 165
1448487231,48.850485,2.358078,131.233596F, 168
1448487232,48.850472,2.358139,131.233596F, 167
1448487233,48.850459,2.358194,129.265092F, 166
1448487234,48.850449,2.358250,127.952756F, 168
1448487235,48.850439,2.358304,125.328084F, 167
1448487236,48.850422,2.358353,122.703412F, 167
1448487237,48.850406,2.358407,120.078740F, 169
1448487238,48.850390,2.358458,116.797900F, 170
1448487239,48.850367,2.358511,116.141732F, 169
1448487240,48.850343,2.358561,116.141732F, 170
1448487241,48.850320,2.358616,114.173229F, 171
1448487242,48.850298,2.358670,113.517061F, 171
1448487243,48.850278,2.358722,113.517061F, 170
1448487244,48.850257,2.358771,112.860893F, 171
1448487245,48.850233,2.358801,113.517061F, 171
1448487246,48.850200,2.358793,112.860893F, 171
1448487247,48.850168,2.358762,111.548557F, 172
1448487248,48.850140,2.358720,110.892389F, 172
1448487249,48.850114,2.358667,109.580053F, 170
1448487250,48.850090,2.358609,107.611549F, 172
1448487251,48.850068,2.358548,107.611549F, 172
1448487252,48.850043,2.358487,106.299213F, 172
1448487253,48.850019,2.358428,106.299213F, 173
1448487254,48.849989,2.358360,105.643045F, 173
1448487255,48.849958,2.358293,104.986877F, 171
1448487256,48.849930,2.358229,103.018373F, 175
1448487257,48.849898,2.358165,101.049869F, 177
1448487258,48.849870,2.358101,98.425197F, 177
1448487259,48.849847,2.358038,97.769029F, 177
1448487260,48.849822,2.357973,97.112861F, 176
1448487261,48.849798,2.357904,95.800525F, 177
1448487262,48.849776,2.357838,96.456693F, 179
1448487263,48.849752,2.357771,95.144357F, 176
1448487264,48.849727,2.357704,95.800525F, 180
1448487265,48.849705,2.357639,95.800525F, 180
1448487266,48.849682,2.357576,95.800525F, 178
1448487267,48.849659,2.357512,95.800525F, 179
1448487268,48.849633,2.357448,96.456693F, 180
1448487269,48.849609,2.357384,97.112861F, 180
1448487270,48.849585,2.357323,97.769029F, 180
1448487271,48.849564,2.357265,98.425197F, 181
1448487272,48.849542,2.357208,98.425197F, 181
1448487273,48.849520,2.357150,98.425197F, 182
1448487274,48.849498,2.357091,98.425197F, 180
1448487275,48.849477,2.357033,100.393701F, 180
1448487276,48.849460,2.356978,101.706037F, 180
1448487277,48.849444,2.356928,103.018373F, 181
1448487278,48.849434,2.356886,102.362205F, 181
1448487279,48.849433,2.356850,102.362205F, 181
1448487280,48.849436,2.356818,102.362205F, 180
1448487281,48.849442,2.356796,103.018373F, 180
1448487282,48.849447,2.356777,103.018373F, 179
1448487283,48.849449,2.356762,103.674541F, 178
1448487284,48.849454,2.356748,104.330709F, 176
1448487285,48.849457,2.356733,106.299213F, 175
1448487286,48.849460,2.356715,108.267717F, 176
1448487287,48.849464,2.356697,109.580053F, 176
1448487288,48.849471,2.356677,111.548557F, 175
1448487289,48.849475,2.356658,112.860893F, 174
1448487290,48.849477,2.356639,114.829397F, 174
1448487291,48.849478,2.356621,115.485564F, 173
1448487292,48.849482,2.356606,116.141732F, 173
1448487293,48.849487,2.356593,117.454068F, 172
1448487294,48.849493,2.356579,118.110236F, 172
1448487295,48.849498,2.356567,117.454068F, 171
1448487296,48.849505,2.356553,118.110236F, 171
1448487297,48.849512,2.356538,118.766404F, 170
1448487298,48.849519,2.356523,119.422572F, 170
1448487299,48.849527,2.356506,120.078740F, 169
1448487300,48.849534,2.356493,121.391076F, 168
1448487301,48.849541,2.356482,121.391076F, 168
1448487302,48.849547,2.356473,122.047244F, 166
1448487303,48.849554,2.356464,122.703412F, 165
1448487304,48.849561,2.356449,122.703412F, 164
1448487305,48.849565,2.356431,122.047244F, 162
1448487306,48.849576,2.356414,122.047244F, 160
1448487307,48.849584,2.356401,122.047244F, 159
1448487308,48.849592,2.356391,122.047244F, 155
1448487309,48.849598,2.356384,121.391076F, 155
1448487310,48.849599,2.356379,120.734908F, 155
1448487311,48.849600,2.356374,120.734908F, 154
1448487312,48.849601,2.356369,120.078740F, 150
1448487313,48.849603,2.356365,120.078740F, 148
1448487314,48.849604,2.356358,119.422572F, 146
1448487315,48.849601,2.356357,118.766404F, 141
1448487316,48.849600,2.356357,117.454068F, 137
1448487317,48.849600,2.356356,119.422572F, 135
1448487318,48.849599,2.356354,119.422572F, 134
1448487319,48.849598,2.356350,119.422572F, 134
1448487320,48.849600,2.356339,119.422572F, 134
1448487321,48.849603,2.356322,118.766404F, 134
1448487322,48.849607,2.356305,118.766404F, 130
1448487323,48.849610,2.356286,118.110236F, 128
1448487324,48.849613,2.356266,118.110236F, 127
1448487325,48.849616,2.356247,118.110236F, 126
1448487326,48.849620,2.356227,116.797900F, 127
1448487327,48.849625,2.356207,116.141732F, 125
1448487328,48.849634,2.356182,114.829397F, 126
1448487329,48.849645,2.356152,114.829397F, 126
1448487330,48.849656,2.356113,114.829397F, 126
1448487331,48.849669,2.356069,112.204725F, 127
1448487332,48.849684,2.356022,112.204725F, 128
1448487333,48.849699,2.355971,110.892389F, 129
1448487334,48.849714,2.355917,110.236221F, 130
1448487335,48.849731,2.355869,108.267717F, 130
1448487336,48.849750,2.355821,107.611549F, 130
1448487337,48.849766,2.355763,104.986877F, 131
1448487338,48.849783,2.355710,102.362205F, 133
1448487339,48.849796,2.355648,99.737533F, 134
1448487340,48.849811,2.355591,98.425197F, 135
1448487341,48.849823,2.355534,93.832021F, 137
1448487342,48.849832,2.355475,93.175853F, 139
1448487343,48.849845,2.355423,91.207349F, 140
1448487344,48.849858,2.355373,91.207349F, 141
1448487345,48.849862,2.355312,87.270341F, 142
1448487346,48.849872,2.355260,85.301837F, 143
1448487347,48.849881,2.355204,82.677165F, 144
1448487348,48.849894,2.355151,80.708662F, 145
1448487349,48.849905,2.355097,77.427822F, 146
1448487350,48.849916,2.355042,77.427822F, 148
1448487351,48.849940,2.354990,82.677165F, 148
1448487352,48.849953,2.354937,82.020998F, 148
1448487353,48.849966,2.354884,81.364830F, 149
1448487354,48.849980,2.354831,81.364830F, 149
1448487355,48.849993,2.354779,82.020998F, 149
1448487356,48.850003,2.354720,83.333333F, 149
1448487357,48.850018,2.354663,85.301837F, 150
1448487358,48.850032,2.354612,85.958005F, 150
1448487359,48.850047,2.354560,87.270341F, 150
1448487360,48.850058,2.354507,86.614173F, 150
1448487361,48.850070,2.354458,85.958005F, 150
1448487362,48.850080,2.354408,84.645669F, 149
1448487363,48.850093,2.354360,83.333333F, 150
1448487364,48.850103,2.354314,80.708662F, 149
1448487365,48.850113,2.354266,78.740158F, 150
1448487366,48.850117,2.354215,76.115486F, 149
1448487367,48.850126,2.354168,74.146982F, 150
1448487368,48.850138,2.354120,72.834646F, 149
1448487369,48.850151,2.354070,72.178478F, 150
1448487370,48.850162,2.354021,70.866142F, 150
1448487371,48.850173,2.353975,70.209974F, 150
1448487372,48.850184,2.353930,69.553806F, 150
1448487373,48.850198,2.353892,70.866142F, 149
1448487374,48.850211,2.353852,70.209974F, 150
1448487375,48.850221,2.353815,70.209974F, 150
1448487376,48.850228,2.353781,69.553806F, 149
1448487377,48.850236,2.353756,69.553806F, 147
1448487378,48.850240,2.353735,69.553806F, 147
1448487379,48.850242,2.353717,67.585302F, 147
1448487380,48.850240,2.353704,66.272966F, 146
1448487381,48.850239,2.353690,65.616798F, 146
1448487382,48.850242,2.353672,64.960630F, 144
1448487383,48.850244,2.353655,64.304462F, 144
1448487384,48.850247,2.353641,63.648294F, 141
1448487385,48.850252,2.353625,63.648294F, 140
1448487386,48.850260,2.353616,65.616798F, 138
1448487387,48.850297,2.353622,83.989501F, 138
1448487388,48.850322,2.353622,95.800525F, 137
1448487389,48.850340,2.353615,104.330709F, 137
1448487390,48.850352,2.353606,110.236221F, 136
1448487391,48.850361,2.353593,114.829397F, 134
1448487392,48.850370,2.353577,120.078740F, 132
1448487393,48.850375,2.353563,120.734908F, 129
1448487394,48.850373,2.353549,120.734908F, 126
1448487395,48.850373,2.353549,120.734908F, 126
1448487396,48.850372,2.353552,121.391076F, 125
1448487397,48.850369,2.353558,120.734908F, 124
1448487398,48.850367,2.353566,120.078740F, 123
1448487399,48.850365,2.353570,119.422572F, 122
1448487400,48.850366,2.353571,120.078740F, 119
1448487401,48.850364,2.353577,119.422572F, 117
1448487402,48.850365,2.353584,120.734908F, 116
1448487403,48.850362,2.353587,121.391076F, 114
1448487404,48.850364,2.353591,122.047244F, 114
1448487405,48.850368,2.353593,121.391076F, 114
1448487406,48.850371,2.353594,121.391076F, 114
1448487407,48.850374,2.353599,121.391076F, 113
1448487408,48.850380,2.353603,122.047244F, 110
1448487409,48.850382,2.353604,122.047244F, 108
1448487410,48.850382,2.353604,122.703412F, 107
1448487411,48.850381,2.353604,122.047244F, 107
1448487412,48.850382,2.353604,122.047244F, 108
1448487413,48.850381,2.353604,122.047244F, 108
1448487414,48.850381,2.353605,122.047244F, 107
1448487415,48.850381,2.353605,122.703412F, 107
1448487416,48.850381,2.353606,122.047244F, 105
1448487417,48.850380,2.353606,122.047244F, 102
1448487418,48.850380,2.353606,121.391076F, 101
1448487419,48.850381,2.353604,122.047244F, 101
1448487420,48.850382,2.353602,122.047244F, 102
1448487421,48.850384,2.353602,122.047244F, 103
1448487422,48.850383,2.353601,122.047244F, 104
1448487423,48.850383,2.353600,121.391076F, 104
1448487424,48.850382,2.353599,121.391076F, 103
1448487425,48.850382,2.353598,121.391076F, 102
1448487426,48.850382,2.353599,122.047244F, 102
1448487427,48.850385,2.353599,122.047244F, 102
1448487428,48.850387,2.353600,120.734908F, 102
1448487429,48.850385,2.353600,119.422572F, 102
1448487430,48.850386,2.353602,119.422572F, 103
1448487431,48.850387,2.353605,119.422572F, 103
1448487432,48.850386,2.353604,119.422572F, 104
1448487433,48.850385,2.353604,118.766404F, 103
1448487434,48.850385,2.353603,118.766404F, 102
1448487435,48.850386,2.353603,119.422572F, 100
1448487436,48.850385,2.353602,119.422572F, 100
1448487437,48.850383,2.353602,119.422572F, 100
1448487438,48.850382,2.353602,120.078740F, 101
1448487439,48.850382,2.353602,120.078740F, 101
1448487440,48.850381,2.353601,120.078740F, 100
1448487441,48.850382,2.353600,120.734908F, 98
1448487442,48.850381,2.353598,120.734908F, 98
1448487443,48.850380,2.353597,121.391076F, 98
1448487444,48.850376,2.353595,122.047244F, 98
1448487445,48.850375,2.353595,121.391076F, 99
1448487446,48.850372,2.353593,121.391076F, 99
1448487447,48.850370,2.353591,120.734908F, 99
1448487448,48.850369,2.353591,119.422572F, 98
1448487449,48.850369,2.353591,119.422572F, 96
1448487450,48.850369,2.353590,119.422572F, 94
1448487451,48.850368,2.353589,119.422572F, 93
1448487452,48.850368,2.353590,119.422572F, 94
1448487453,48.850369,2.353587,119.422572F, 96
