1448485899,48.850308,2.353636,-328083986.719160F, 64
1448485899,48.850308,2.353636,-328083986.719160F, 64
1448485902,48.850345,2.353702,108.267717F, 60
1448485904,48.850365,2.353668,108.267717F, 64
1448485905,48.850385,2.353644,108.267717F, 68
1448485906,48.850403,2.353610,108.267717F, 72
1448485907,48.850421,2.353568,108.267717F, 76
1448485908,48.850442,2.353526,108.267717F, 78
1448485909,48.850459,2.353476,108.267717F, 81
1448485910,48.850477,2.353424,108.267717F, 83
1448485911,48.850497,2.353370,108.267717F, 85
1448485912,48.850515,2.353320,108.267717F, 86
1448485913,48.850525,2.353283,108.267717F, 88
1448485919,48.850549,2.353424,106.332028F, 99
1448485922,48.850537,2.353574,104.986877F, 105
1448485926,48.850513,2.353762,104.986877F, 111
1448485928,48.850497,2.353871,104.986877F, 116
1448485930,48.850486,2.353972,98.425197F, 122
1448485931,48.850492,2.354024,98.425197F, 123
1448485932,48.850507,2.354073,98.425197F, 123
1448485933,48.850524,2.354129,98.425197F, 122
1448485934,48.850540,2.354181,98.425197F, 122
1448485935,48.850549,2.354229,98.425197F, 123
1448485937,48.850533,2.354342,98.425197F, 125
1448485938,48.850518,2.354397,98.425197F, 126
1448485939,48.850496,2.354451,94.553819F, 127
1448485940,48.850469,2.354500,91.863517F, 128
1448485941,48.850442,2.354541,91.863517F, 130
1448485942,48.850419,2.354591,91.863517F, 131
1448485943,48.850398,2.354646,91.863517F, 132
1448485944,48.850376,2.354696,91.863517F, 133
1448485945,48.850356,2.354746,91.863517F, 133
1448485946,48.850335,2.354796,91.863517F, 133
1448485947,48.850321,2.354840,91.863517F, 133
1448485948,48.850311,2.354877,91.863517F, 134
1448485949,48.850292,2.354919,91.863517F, 135
1448485950,48.850270,2.354963,91.863517F, 137
1448485951,48.850253,2.355005,91.863517F, 137
1448485954,48.850191,2.355139,91.863517F, 136
1448485957,48.850155,2.355286,91.863517F, 138
1448485960,48.850143,2.355479,91.863517F, 142
1448485963,48.850109,2.355629,91.863517F, 144
1448485966,48.850071,2.355765,91.863517F, 146
1448485969,48.850022,2.355912,91.863517F, 148
1448485972,48.849977,2.356047,91.863517F, 149
1448485975,48.849944,2.356183,91.863517F, 151
1448485978,48.849902,2.356329,91.863517F, 150
1448485981,48.849862,2.356479,91.863517F, 150
1448485984,48.849819,2.356615,91.863517F, 152
1448485987,48.849766,2.356766,91.863517F, 152
1448485988,48.849752,2.356820,91.863517F, 152
1448485989,48.849732,2.356872,91.863517F, 152
1448485990,48.849713,2.356924,91.863517F, 152
1448485991,48.849695,2.356974,91.863517F, 152
1448485995,48.849647,2.357123,91.863517F, 151
1448485999,48.849587,2.357286,91.863517F, 150
1448486001,48.849535,2.357405,91.863517F, 151
1448486004,48.849494,2.357580,91.863517F, 153
1448486007,48.849441,2.357734,91.863517F, 155
1448486010,48.849409,2.357898,88.582677F, 159
1448486013,48.849359,2.358044,88.582677F, 161
1448486016,48.849316,2.358190,88.582677F, 161
1448486019,48.849266,2.358338,90.518366F, 158
1448486022,48.849230,2.358484,91.863517F, 157
1448486023,48.849212,2.358536,91.863517F, 157
1448486024,48.849193,2.358582,91.863517F, 157
1448486025,48.849173,2.358630,91.863517F, 157
1448486026,48.849156,2.358676,91.863517F, 158
1448486027,48.849146,2.358718,91.863517F, 158
1448486028,48.849127,2.358766,91.863517F, 159
1448486029,48.849106,2.358810,91.863517F, 159
1448486030,48.849083,2.358850,91.863517F, 158
1448486031,48.849065,2.358888,91.863517F, 158
1448486032,48.849046,2.358922,91.863517F, 158
1448486033,48.849023,2.358953,91.863517F, 156
1448486034,48.849003,2.358982,91.863517F, 155
1448486035,48.848979,2.359006,91.863517F, 155
1448486036,48.848961,2.359032,91.863517F, 155
1448486037,48.848936,2.359060,91.863517F, 156
1448486038,48.848913,2.359088,91.863517F, 157
1448486039,48.848889,2.359120,91.863517F, 158
1448486040,48.848868,2.359149,91.863517F, 158
1448486041,48.848844,2.359182,91.863517F, 159
1448486042,48.848815,2.359221,91.863517F, 159
1448486043,48.848777,2.359264,91.863517F, 158
1448486044,48.848745,2.359308,91.863517F, 158
1448486045,48.848714,2.359347,91.863517F, 157
1448486046,48.848681,2.359380,91.863517F, 157
1448486047,48.848651,2.359417,91.863517F, 157
1448486048,48.848624,2.359457,91.863517F, 157
1448486049,48.848598,2.359496,93.799206F, 157
1448486050,48.848569,2.359538,95.144357F, 157
1448486051,48.848542,2.359576,95.144357F, 157
1448486052,48.848522,2.359614,95.144357F, 156
1448486053,48.848496,2.359655,95.144357F, 155
1448486054,48.848474,2.359690,95.144357F, 155
1448486055,48.848452,2.359727,95.144357F, 156
1448486056,48.848436,2.359772,95.144357F, 157
1448486057,48.848416,2.359816,95.144357F, 157
1448486058,48.848393,2.359861,95.144357F, 158
1448486059,48.848367,2.359905,95.144357F, 158
1448486060,48.848339,2.359946,95.144357F, 159
1448486061,48.848318,2.359980,95.144357F, 159
1448486062,48.848292,2.360016,95.144357F, 159
1448486063,48.848266,2.360047,95.144357F, 159
1448486064,48.848231,2.360069,95.144357F, 160
1448486065,48.848201,2.360093,95.144357F, 160
1448486066,48.848168,2.360113,95.144357F, 159
1448486067,48.848133,2.360130,95.144357F, 158
1448486068,48.848104,2.360158,95.144357F, 157
1448486069,48.848074,2.360187,93.677931F, 156
1448486070,48.848048,2.360223,91.863517F, 156
1448486071,48.848025,2.360265,91.863517F, 158
1448486072,48.848009,2.360299,91.863517F, 158
1448486073,48.847997,2.360331,91.863517F, 158
1448486074,48.847974,2.360369,91.863517F, 158
1448486075,48.847950,2.360404,91.863517F, 158
1448486076,48.847922,2.360439,91.863517F, 159
1448486077,48.847897,2.360474,91.863517F, 159
1448486078,48.847876,2.360512,91.863517F, 159
1448486079,48.847861,2.360549,91.863517F, 159
1448486080,48.847832,2.360584,91.863517F, 159
1448486081,48.847806,2.360622,91.863517F, 159
1448486082,48.847781,2.360659,91.863517F, 159
1448486083,48.847754,2.360696,91.863517F, 158
1448486084,48.847729,2.360736,91.863517F, 158
1448486085,48.847700,2.360777,91.863517F, 157
1448486086,48.847675,2.360813,91.863517F, 157
1448486087,48.847655,2.360848,91.863517F, 157
1448486088,48.847635,2.360884,91.863517F, 156
1448486089,48.847613,2.360917,91.863517F, 156
1448486090,48.847587,2.360950,91.863517F, 156
1448486091,48.847559,2.360978,91.863517F, 156
1448486092,48.847530,2.361012,91.863517F, 157
1448486093,48.847504,2.361036,91.863517F, 157
1448486094,48.847474,2.361066,91.863517F, 157
1448486095,48.847442,2.361099,91.863517F, 157
1448486096,48.847415,2.361130,91.863517F, 157
1448486097,48.847385,2.361167,91.863517F, 158
1448486098,48.847353,2.361200,91.863517F, 158
1448486099,48.847329,2.361226,91.863517F, 158
1448486100,48.847302,2.361250,91.863517F, 158
1448486101,48.847275,2.361275,91.863517F, 158
1448486102,48.847247,2.361297,91.863517F, 158
1448486103,48.847218,2.361326,91.863517F, 158
1448486104,48.847183,2.361355,91.863517F, 157
1448486105,48.847153,2.361389,91.863517F, 157
1448486106,48.847128,2.361420,91.863517F, 157
1448486107,48.847101,2.361453,91.863517F, 157
1448486108,48.847080,2.361488,91.863517F, 157
1448486109,48.847058,2.361529,91.863517F, 157
1448486110,48.847036,2.361573,91.863517F, 157
1448486111,48.847019,2.361617,91.863517F, 156
1448486112,48.847000,2.361663,91.863517F, 157
1448486113,48.846987,2.361705,91.863517F, 158
1448486114,48.846966,2.361751,91.863517F, 158
1448486115,48.846946,2.361801,91.863517F, 159
1448486116,48.846931,2.361840,91.863517F, 159
1448486117,48.846911,2.361879,91.863517F, 160
1448486118,48.846893,2.361922,91.863517F, 160
1448486119,48.846873,2.361964,91.863517F, 160
1448486120,48.846851,2.362012,91.863517F, 160
1448486121,48.846824,2.362061,91.863517F, 159
1448486122,48.846806,2.362096,91.863517F, 159
1448486123,48.846786,2.362131,91.863517F, 158
1448486124,48.846766,2.362164,91.863517F, 158
1448486125,48.846741,2.362207,91.863517F, 158
1448486126,48.846716,2.362247,91.863517F, 158
1448486127,48.846694,2.362284,91.863517F, 158
1448486128,48.846673,2.362323,91.863517F, 157
1448486129,48.846648,2.362364,91.863517F, 157
1448486130,48.846630,2.362396,91.863517F, 156
1448486131,48.846613,2.362429,91.863517F, 156
1448486132,48.846592,2.362463,91.863517F, 156
1448486133,48.846573,2.362500,91.863517F, 156
1448486134,48.846559,2.362530,91.863517F, 155
1448486135,48.846542,2.362565,91.863517F, 156
1448486136,48.846520,2.362598,91.863517F, 156
1448486137,48.846497,2.362622,91.863517F, 155
1448486138,48.846470,2.362647,91.863517F, 155
1448486139,48.846447,2.362667,91.863517F, 154
1448486140,48.846422,2.362688,91.863517F, 154
1448486141,48.846392,2.362704,91.863517F, 154
1448486142,48.846362,2.362732,91.863517F, 153
1448486143,48.846331,2.362762,91.863517F, 153
1448486144,48.846297,2.362793,91.863517F, 154
1448486145,48.846266,2.362822,91.863517F, 154
1448486146,48.846235,2.362856,91.863517F, 155
1448486147,48.846210,2.362888,91.863517F, 156
1448486148,48.846181,2.362921,91.863517F, 156
1448486149,48.846156,2.362955,93.799206F, 157
1448486150,48.846127,2.362990,95.144357F, 156
1448486151,48.846095,2.363029,95.144357F, 156
1448486152,48.846069,2.363064,95.144357F, 155
1448486153,48.846045,2.363103,95.144357F, 154
1448486154,48.846028,2.363139,95.144357F, 154
1448486155,48.846008,2.363174,95.144357F, 155
1448486156,48.845987,2.363203,95.144357F, 155
1448486157,48.845964,2.363217,95.144357F, 156
1448486158,48.845932,2.363224,95.144357F, 156
1448486159,48.845903,2.363230,95.144357F, 157
1448486160,48.845878,2.363235,95.144357F, 159
1448486161,48.845850,2.363248,95.144357F, 159
1448486162,48.845818,2.363271,95.144357F, 158
1448486163,48.845794,2.363286,95.144357F, 158
1448486164,48.845766,2.363306,95.144357F, 158
1448486165,48.845736,2.363325,95.144357F, 157
1448486166,48.845708,2.363349,95.144357F, 157
1448486167,48.845676,2.363371,95.144357F, 158
1448486168,48.845644,2.363401,95.144357F, 158
1448486169,48.845612,2.363427,95.144357F, 158
1448486170,48.845586,2.363453,95.144357F, 158
1448486171,48.845562,2.363476,95.144357F, 159
1448486172,48.845538,2.363504,95.144357F, 159
1448486173,48.845514,2.363532,95.144357F, 159
1448486174,48.845488,2.363561,95.144357F, 159
1448486175,48.845468,2.363591,95.144357F, 159
1448486176,48.845446,2.363629,95.144357F, 159
1448486177,48.845418,2.363670,95.144357F, 159
1448486178,48.845391,2.363703,95.144357F, 159
1448486179,48.845364,2.363739,95.144357F, 159
1448486180,48.845334,2.363774,97.080038F, 160
1448486181,48.845308,2.363808,98.425197F, 160
1448486182,48.845282,2.363840,98.425197F, 160
1448486183,48.845254,2.363879,98.425197F, 160
1448486184,48.845233,2.363909,98.425197F, 161
1448486185,48.845210,2.363943,98.425197F, 160
1448486186,48.845187,2.363972,98.425197F, 160
1448486187,48.845166,2.363998,98.425197F, 161
1448486188,48.845146,2.364033,98.425197F, 161
1448486189,48.845120,2.364079,98.425197F, 162
1448486190,48.845097,2.364119,102.296560F, 161
1448486191,48.845070,2.364152,104.986877F, 161
1448486192,48.845041,2.364180,104.986877F, 161
1448486193,48.845018,2.364202,104.986877F, 161
1448486194,48.844990,2.364224,104.986877F, 161
1448486195,48.844962,2.364241,104.986877F, 160
1448486196,48.844928,2.364260,104.986877F, 160
1448486197,48.844894,2.364281,104.986877F, 159
1448486198,48.844864,2.364294,104.986877F, 160
1448486199,48.844840,2.364306,104.986877F, 160
1448486200,48.844817,2.364310,106.922558F, 161
1448486201,48.844795,2.364317,108.267717F, 161
1448486202,48.844777,2.364333,108.267717F, 161
1448486204,48.844752,2.364343,108.267717F, 159
1448486206,48.844730,2.364367,108.267717F, 157
1448486208,48.844712,2.364384,108.267717F, 156
1448486210,48.844694,2.364406,108.267717F, 154
1448486212,48.844680,2.364429,108.267717F, 153
1448486214,48.844662,2.364452,108.267717F, 153
1448486216,48.844644,2.364477,108.267717F, 151
1448486218,48.844622,2.364508,108.267717F, 149
1448486221,48.844612,2.364543,108.267717F, 145
1448486223,48.844601,2.364566,108.267717F, 143
1448486225,48.844584,2.364601,108.267717F, 139
1448486227,48.844569,2.364630,108.267717F, 136
1448486229,48.844551,2.364661,108.267717F, 133
1448486231,48.844533,2.364693,114.829397F, 132
1448486233,48.844516,2.364721,114.829397F, 131
1448486235,48.844509,2.364750,114.829397F, 128
1448486237,48.844508,2.364787,114.829397F, 124
1448486239,48.844504,2.364819,114.829397F, 120
1448486241,48.844511,2.364859,118.110236F, 117
1448486243,48.844517,2.364896,118.110236F, 115
1448486245,48.844532,2.364922,118.110236F, 115
1448486247,48.844547,2.364968,118.110236F, 114
1448486249,48.844559,2.365000,118.110236F, 114
1448486252,48.844567,2.365032,118.110236F, 114
1448486254,48.844571,2.365067,118.110236F, 112
1448486256,48.844581,2.365105,118.110236F, 111
1448486258,48.844594,2.365130,118.110236F, 110
1448486260,48.844610,2.365156,119.522777F, 109
1448486262,48.844625,2.365201,121.391076F, 107
1448486263,48.844639,2.365244,121.391076F, 106
1448486264,48.844653,2.365299,121.391076F, 105
1448486265,48.844673,2.365356,121.391076F, 103
1448486266,48.844698,2.365412,121.391076F, 103
1448486267,48.844733,2.365472,121.391076F, 103
1448486268,48.844774,2.365533,121.391076F, 103
1448486269,48.844815,2.365594,121.391076F, 105
1448486270,48.844855,2.365651,121.391076F, 106
1448486271,48.844892,2.365712,121.391076F, 107
1448486272,48.844928,2.365769,121.391076F, 108
1448486273,48.844966,2.365828,121.391076F, 110
1448486274,48.845001,2.365883,121.391076F, 111
1448486275,48.845034,2.365943,121.391076F, 113
1448486276,48.845060,2.366003,121.391076F, 114
1448486277,48.845090,2.366059,121.391076F, 115
1448486278,48.845116,2.366113,121.391076F, 115
1448486279,48.845142,2.366168,121.391076F, 116
1448486280,48.845173,2.366222,117.519714F, 118
1448486281,48.845206,2.366274,114.829397F, 118
1448486282,48.845239,2.366331,114.829397F, 118
1448486283,48.845264,2.366393,114.829397F, 119
1448486284,48.845290,2.366452,114.829397F, 119
1448486285,48.845313,2.366509,114.829397F, 119
1448486286,48.845337,2.366566,114.829397F, 118
1448486287,48.845366,2.366623,114.829397F, 118
1448486288,48.845397,2.366680,114.829397F, 118
1448486289,48.845429,2.366725,114.829397F, 118
1448486290,48.845463,2.366770,112.893715F, 118
1448486291,48.845499,2.366820,111.548557F, 118
1448486292,48.845534,2.366859,111.548557F, 118
1448486293,48.845574,2.366890,111.548557F, 117
1448486294,48.845614,2.366918,111.548557F, 117
1448486295,48.845657,2.366940,111.548557F, 116
1448486296,48.845704,2.366951,111.548557F, 116
1448486297,48.845750,2.366947,111.548557F, 116
1448486298,48.845798,2.366929,111.548557F, 116
1448486299,48.845840,2.366909,111.548557F, 117
1448486300,48.845876,2.366882,113.484238F, 117
1448486301,48.845909,2.366859,114.829397F, 116
1448486302,48.845940,2.366840,114.829397F, 116
1448486304,48.845997,2.366859,114.829397F, 116
1448486306,48.846044,2.366890,114.829397F, 118
1448486310,48.846114,2.366836,116.765078F, 121
1448486312,48.846179,2.366813,118.110236F, 122
1448486313,48.846220,2.366799,118.110236F, 123
1448486314,48.846262,2.366790,118.110236F, 124
1448486315,48.846313,2.366782,118.110236F, 125
1448486316,48.846358,2.366777,118.110236F, 125
1448486317,48.846401,2.366766,118.110236F, 126
1448486318,48.846438,2.366757,118.110236F, 126
1448486319,48.846481,2.366764,118.110236F, 126
1448486320,48.846525,2.366772,116.212497F, 126
1448486321,48.846571,2.366796,114.829397F, 127
1448486323,48.846661,2.366841,114.829397F, 127
1448486325,48.846766,2.366912,114.829397F, 127
1448486329,48.846860,2.366980,114.829397F, 125
1448486330,48.846878,2.366999,114.829397F, 124
1448486331,48.846897,2.367022,114.829397F, 124
1448486332,48.846925,2.367046,114.829397F, 123
1448486333,48.846952,2.367061,114.829397F, 123
1448486336,48.847005,2.367127,114.829397F, 123
1448486338,48.847002,2.367159,114.829397F, 124
1448486341,48.847028,2.367174,114.829397F, 124
1448486343,48.847050,2.367173,114.829397F, 124
1448486345,48.847077,2.367160,114.829397F, 125
1448486347,48.847099,2.367143,114.829397F, 128
1448486351,48.847134,2.367155,114.829397F, 142
1448486353,48.847159,2.367147,114.829397F, 149
1448486364,48.847213,2.367145,114.829397F, 134
1448486367,48.847254,2.367153,114.829397F, 129
1448486369,48.847282,2.367155,114.829397F, 126
1448486374,48.847375,2.367171,111.548557F, 116
1448486376,48.847434,2.367229,111.548557F, 112
1448486377,48.847456,2.367239,111.548557F, 110
1448486379,48.847481,2.367251,111.548557F, 109
1448486381,48.847509,2.367274,108.267717F, 108
1448486383,48.847541,2.367297,108.267717F, 111
1448486386,48.847632,2.367374,108.267717F, 113
1448486389,48.847752,2.367443,108.267717F, 115
1448486391,48.847855,2.367469,108.267717F, 117
1448486393,48.847953,2.367518,108.267717F, 119
1448486394,48.847999,2.367535,108.267717F, 121
1448486395,48.848039,2.367545,108.267717F, 122
1448486396,48.848081,2.367557,108.267717F, 124
1448486397,48.848124,2.367570,108.267717F, 125
1448486399,48.848216,2.367602,108.267717F, 130
1448486400,48.848260,2.367611,110.203398F, 133
1448486401,48.848304,2.367625,111.548557F, 137
1448486404,48.848436,2.367665,111.548557F, 148
1448486405,48.848480,2.367687,111.548557F, 151
1448486407,48.848595,2.367779,111.548557F, 158
1448486408,48.848648,2.367820,111.548557F, 162
1448486409,48.848700,2.367846,111.548557F, 166
1448486410,48.848748,2.367869,113.484238F, 169
1448486411,48.848794,2.367892,114.829397F, 170
1448486412,48.848838,2.367921,114.829397F, 170
1448486413,48.848880,2.367941,114.829397F, 171
1448486414,48.848930,2.367964,114.829397F, 172
1448486415,48.848972,2.367983,114.829397F, 172
1448486416,48.849012,2.368003,114.829397F, 172
1448486417,48.849054,2.368019,114.829397F, 173
1448486418,48.849096,2.368038,114.829397F, 174
1448486419,48.849140,2.368055,114.829397F, 174
1448486420,48.849174,2.368075,114.829397F, 176
1448486421,48.849216,2.368089,114.829397F, 178
1448486422,48.849262,2.368114,114.829397F, 179
1448486423,48.849306,2.368132,114.829397F, 180
1448486424,48.849348,2.368149,114.829397F, 180
1448486425,48.849392,2.368167,114.829397F, 180
1448486426,48.849438,2.368192,114.829397F, 180
1448486427,48.849484,2.368212,114.829397F, 180
1448486428,48.849518,2.368237,114.829397F, 180
1448486429,48.849552,2.368269,114.829397F, 181
1448486430,48.849582,2.368291,114.829397F, 181
1448486431,48.849620,2.368312,114.829397F, 182
1448486432,48.849660,2.368328,114.829397F, 183
1448486433,48.849696,2.368345,114.829397F, 184
1448486434,48.849738,2.368362,114.829397F, 185
1448486435,48.849778,2.368381,114.829397F, 186
1448486436,48.849818,2.368401,114.829397F, 188
1448486437,48.849860,2.368423,114.829397F, 190
1448486438,48.849902,2.368444,114.829397F, 190
1448486439,48.849944,2.368466,114.829397F, 190
1448486440,48.849978,2.368475,114.829397F, 190
1448486441,48.850001,2.368484,114.829397F, 189
1448486442,48.850022,2.368490,114.829397F, 189
1448486444,48.850054,2.368500,114.829397F, 188
1448486446,48.850090,2.368511,114.829397F, 187
1448486448,48.850124,2.368517,114.829397F, 184
1448486450,48.850146,2.368525,114.829397F, 178
1448486453,48.850174,2.368530,114.829397F, 174
1448486456,48.850194,2.368539,114.829397F, 172
1448486459,48.850218,2.368551,114.829397F, 171
1448486462,48.850240,2.368551,111.548557F, 170
1448486464,48.850265,2.368553,111.548557F, 169
1448486466,48.850298,2.368558,111.548557F, 166
1448486467,48.850315,2.368570,111.548557F, 165
1448486469,48.850340,2.368595,111.548557F, 165
1448486472,48.850360,2.368615,114.829397F, 160
1448486475,48.850388,2.368622,114.829397F, 155
1448486477,48.850420,2.368638,114.829397F, 152
1448486479,48.850442,2.368657,114.829397F, 146
1448486484,48.850474,2.368720,118.110236F, 135
1448486485,48.850492,2.368717,118.110236F, 133
1448486486,48.850510,2.368717,118.110236F, 131
1448486488,48.850542,2.368712,118.110236F, 127
1448486490,48.850564,2.368702,118.110236F, 123
1448486492,48.850588,2.368701,118.110236F, 115
1448486494,48.850609,2.368708,118.110236F, 112
1448486496,48.850636,2.368713,118.110236F, 112
1448486498,48.850660,2.368717,118.110236F, 115
1448486500,48.850691,2.368736,118.110236F, 115
1448486501,48.850715,2.368754,118.110236F, 116
1448486502,48.850742,2.368776,118.110236F, 117
1448486503,48.850775,2.368801,118.110236F, 120
1448486504,48.850811,2.368827,118.110236F, 124
1448486505,48.850853,2.368850,118.110236F, 125
1448486506,48.850901,2.368873,118.110236F, 128
1448486507,48.850947,2.368903,118.110236F, 132
1448486508,48.851001,2.368936,118.110236F, 136
1448486509,48.851058,2.368967,118.110236F, 139
1448486510,48.851115,2.369004,120.026759F, 140
1448486511,48.851165,2.369038,121.391076F, 141
1448486512,48.851212,2.369070,121.391076F, 143
1448486513,48.851261,2.369083,121.391076F, 146
1448486514,48.851302,2.369103,121.391076F, 149
1448486515,48.851347,2.369121,121.391076F, 152
1448486516,48.851396,2.369139,121.391076F, 155
1448486517,48.851445,2.369160,121.391076F, 156
1448486518,48.851493,2.369173,121.391076F, 158
1448486519,48.851540,2.369189,121.391076F, 159
1448486520,48.851586,2.369202,117.519714F, 160
1448486521,48.851627,2.369222,114.829397F, 162
1448486522,48.851677,2.369240,114.829397F, 164
1448486523,48.851722,2.369256,114.829397F, 166
1448486524,48.851766,2.369272,114.829397F, 166
1448486525,48.851807,2.369298,114.829397F, 166
1448486526,48.851843,2.369334,114.829397F, 166
1448486527,48.851888,2.369368,114.829397F, 167
1448486528,48.851939,2.369408,114.829397F, 168
1448486529,48.851984,2.369422,114.829397F, 169
1448486530,48.852035,2.369425,114.829397F, 171
1448486531,48.852079,2.369412,114.829397F, 172
1448486532,48.852116,2.369406,114.829397F, 172
1448486533,48.852156,2.369390,114.829397F, 173
1448486534,48.852198,2.369364,114.829397F, 173
1448486535,48.852244,2.369336,114.829397F, 174
1448486537,48.852334,2.369266,114.829397F, 176
1448486538,48.852376,2.369238,114.829397F, 177
1448486540,48.852463,2.369148,116.765078F, 178
1448486541,48.852496,2.369078,118.110236F, 178
1448486542,48.852522,2.369000,118.110236F, 179
1448486543,48.852544,2.368922,118.110236F, 179
1448486544,48.852557,2.368862,118.110236F, 179
1448486545,48.852564,2.368799,118.110236F, 179
1448486546,48.852571,2.368734,118.110236F, 179
1448486547,48.852563,2.368666,118.110236F, 179
1448486548,48.852556,2.368590,118.110236F, 179
1448486551,48.852498,2.368422,124.671916F, 179
1448486552,48.852482,2.368376,124.671916F, 179
1448486553,48.852458,2.368330,124.671916F, 179
1448486554,48.852414,2.368276,124.671916F, 179
1448486555,48.852371,2.368224,124.671916F, 179
1448486556,48.852311,2.368158,124.671916F, 178
1448486557,48.852266,2.368117,124.671916F, 178
1448486558,48.852221,2.368080,124.671916F, 179
1448486559,48.852173,2.368042,124.671916F, 179
1448486560,48.852129,2.368012,122.736235F, 179
1448486561,48.852071,2.367984,121.391076F, 179
1448486562,48.852019,2.367962,121.391076F, 179
1448486563,48.851974,2.367938,121.391076F, 179
1448486564,48.851923,2.367922,121.391076F, 180
1448486565,48.851872,2.367906,121.391076F, 181
1448486566,48.851829,2.367890,121.391076F, 181
1448486567,48.851791,2.367870,121.391076F, 181
1448486568,48.851746,2.367856,121.391076F, 181
1448486570,48.851651,2.367824,119.455395F, 182
1448486571,48.851610,2.367806,118.110236F, 183
1448486572,48.851574,2.367784,118.110236F, 183
1448486573,48.851535,2.367768,118.110236F, 184
1448486574,48.851499,2.367750,118.110236F, 186
1448486575,48.851455,2.367732,118.110236F, 185
1448486576,48.851416,2.367712,118.110236F, 185
1448486577,48.851386,2.367692,118.110236F, 184
1448486578,48.851342,2.367674,118.110236F, 183
1448486579,48.851304,2.367656,118.110236F, 181
1448486580,48.851269,2.367630,114.238874F, 181
1448486581,48.851235,2.367606,111.548557F, 181
1448486582,48.851204,2.367580,111.548557F, 180
1448486583,48.851164,2.367555,111.548557F, 181
1448486584,48.851125,2.367529,111.548557F, 182
1448486585,48.851088,2.367504,111.548557F, 183
1448486588,48.850981,2.367462,111.548557F, 184
1448486589,48.850942,2.367449,111.548557F, 185
1448486591,48.850868,2.367418,118.110236F, 186
1448486592,48.850822,2.367398,118.110236F, 186
1448486594,48.850736,2.367358,118.110236F, 186
1448486595,48.850684,2.367338,118.110236F, 186
1448486596,48.850649,2.367324,118.110236F, 186
1448486597,48.850609,2.367308,118.110236F, 186
1448486598,48.850570,2.367285,118.110236F, 186
1448486599,48.850535,2.367274,118.110236F, 186
1448486600,48.850500,2.367255,115.085696F, 186
1448486601,48.850465,2.367238,111.548557F, 186
1448486602,48.850419,2.367214,111.548557F, 187
1448486603,48.850387,2.367188,111.548557F, 187
1448486604,48.850345,2.367177,111.548557F, 187
1448486605,48.850302,2.367158,111.548557F, 187
1448486606,48.850263,2.367141,111.548557F, 187
1448486607,48.850224,2.367118,111.548557F, 188
1448486610,48.850102,2.367070,113.484238F, 187
1448486613,48.849974,2.367032,114.829397F, 184
1448486615,48.849880,2.366990,114.829397F, 183
1448486616,48.849833,2.366969,114.829397F, 182
1448486617,48.849796,2.366949,114.829397F, 181
1448486618,48.849756,2.366926,114.829397F, 181
1448486619,48.849723,2.366894,114.829397F, 181
1448486622,48.849663,2.366790,114.829397F, 181
1448486627,48.849587,2.366761,114.829397F, 177
1448486628,48.849570,2.366771,114.829397F, 176
1448486630,48.849545,2.366765,116.765078F, 175
1448486633,48.849510,2.366757,118.110236F, 176
1448486634,48.849492,2.366760,118.110236F, 176
1448486638,48.849468,2.366753,118.110236F, 175
1448486640,48.849438,2.366745,116.697696F, 175
1448486643,48.849422,2.366718,114.829397F, 177
1448486645,48.849401,2.366703,114.829397F, 177
1448486648,48.849374,2.366684,114.829397F, 172
1448486649,48.849355,2.366675,114.829397F, 170
1448486650,48.849334,2.366668,114.829397F, 169
1448486651,48.849314,2.366664,114.829397F, 168
1448486653,48.849291,2.366659,114.829397F, 161
1448486655,48.849263,2.366659,114.829397F, 157
1448486656,48.849244,2.366654,114.829397F, 156
1448486658,48.849217,2.366641,114.829397F, 156
1448486660,48.849193,2.366635,114.829397F, 151
1448486662,48.849166,2.366638,114.829397F, 142
1448486664,48.849138,2.366643,114.829397F, 138
1448486666,48.849107,2.366640,114.829397F, 136
1448486668,48.849080,2.366633,114.829397F, 136
1448486670,48.849058,2.366620,114.829397F, 131
1448486672,48.849029,2.366603,114.829397F, 125
1448486674,48.849010,2.366590,114.829397F, 123
1448486676,48.848992,2.366576,114.829397F, 119
1448486678,48.848972,2.366567,114.829397F, 118
1448486680,48.848947,2.366555,116.765078F, 116
1448486681,48.848919,2.366547,118.110236F, 116
1448486682,48.848893,2.366530,118.110236F, 116
1448486685,48.848801,2.366477,118.110236F, 117
1448486686,48.848767,2.366449,118.110236F, 118
1448486687,48.848735,2.366427,118.110236F, 120
1448486688,48.848699,2.366403,118.110236F, 121
1448486689,48.848662,2.366389,118.110236F, 122
1448486690,48.848630,2.366370,120.045918F, 125
1448486691,48.848597,2.366351,121.391076F, 127
1448486692,48.848563,2.366332,121.391076F, 129
1448486693,48.848527,2.366316,121.391076F, 132
1448486694,48.848488,2.366294,121.391076F, 134
1448486695,48.848441,2.366275,121.391076F, 135
1448486696,48.848396,2.366251,121.391076F, 136
1448486697,48.848359,2.366239,121.391076F, 136
1448486698,48.848319,2.366224,121.391076F, 138
1448486699,48.848279,2.366211,121.391076F, 139
1448486700,48.848243,2.366195,119.474554F, 141
1448486701,48.848206,2.366177,118.110236F, 143
1448486702,48.848172,2.366159,118.110236F, 144
1448486703,48.848142,2.366143,118.110236F, 145
1448486704,48.848108,2.366127,118.110236F, 145
1448486705,48.848071,2.366115,118.110236F, 145
1448486706,48.848036,2.366090,118.110236F, 145
1448486707,48.848007,2.366070,118.110236F, 145
1448486708,48.847969,2.366055,118.110236F, 145
1448486709,48.847933,2.366039,118.110236F, 146
1448486710,48.847901,2.366025,120.045918F, 147
1448486711,48.847869,2.366013,121.391076F, 148
1448486713,48.847804,2.365969,121.391076F, 150
1448486715,48.847740,2.365917,121.391076F, 150
1448486717,48.847687,2.365869,121.391076F, 150
1448486718,48.847659,2.365850,121.391076F, 150
1448486720,48.847598,2.365806,121.391076F, 150
1448486721,48.847569,2.365782,121.391076F, 151
1448486722,48.847546,2.365765,121.391076F, 151
1448486723,48.847532,2.365711,121.391076F, 151
1448486724,48.847525,2.365672,121.391076F, 152
1448486725,48.847535,2.365628,121.391076F, 152
1448486728,48.847584,2.365502,121.391076F, 155
1448486729,48.847612,2.365449,121.391076F, 155
1448486732,48.847676,2.365311,121.391076F, 157
1448486734,48.847726,2.365228,121.391076F, 157
1448486736,48.847771,2.365135,121.391076F, 157
1448486740,48.847819,2.364996,121.391076F, 160
1448486744,48.847902,2.364886,121.391076F, 163
1448486749,48.847999,2.364824,121.391076F, 164
1448486752,48.848118,2.364858,121.391076F, 164
1448486755,48.848224,2.364818,121.391076F, 165
1448486758,48.848341,2.364750,121.391076F, 165
1448486761,48.848456,2.364681,118.110236F, 165
1448486764,48.848580,2.364616,118.110236F, 166
1448486766,48.848669,2.364559,118.110236F, 166
1448486768,48.848790,2.364568,118.110236F, 166
1448486770,48.848884,2.364520,118.110236F, 166
1448486772,48.848964,2.364436,118.110236F, 165
1448486773,48.848993,2.364396,118.110236F, 164
1448486774,48.849020,2.364356,118.110236F, 164
1448486777,48.849101,2.364256,118.110236F, 165
1448486778,48.849139,2.364244,118.110236F, 165
1448486779,48.849173,2.364226,118.110236F, 165
1448486780,48.849205,2.364202,116.174555F, 165
1448486781,48.849246,2.364180,114.829397F, 164
1448486782,48.849280,2.364155,114.829397F, 164
1448486783,48.849318,2.364125,114.829397F, 163
1448486784,48.849347,2.364090,114.829397F, 163
1448486785,48.849374,2.364053,114.829397F, 163
1448486786,48.849395,2.364021,114.829397F, 163
1448486787,48.849420,2.363988,114.829397F, 163
1448486788,48.849450,2.363971,114.829397F, 163
1448486789,48.849513,2.363986,114.829397F, 163
1448486790,48.849568,2.363969,112.893715F, 163
1448486791,48.849610,2.363929,111.548557F, 163
1448486792,48.849641,2.363889,111.548557F, 163
1448486793,48.849672,2.363842,111.548557F, 163
1448486794,48.849702,2.363801,111.548557F, 163
1448486795,48.849736,2.363766,111.548557F, 163
1448486796,48.849763,2.363733,111.548557F, 163
1448486797,48.849795,2.363698,111.548557F, 163
1448486798,48.849823,2.363665,111.548557F, 163
1448486799,48.849851,2.363631,111.548557F, 163
1448486800,48.849877,2.363599,109.612875F, 163
1448486801,48.849899,2.363568,108.267717F, 163
1448486802,48.849925,2.363534,108.267717F, 163
1448486803,48.849943,2.363502,108.267717F, 164
1448486807,48.850019,2.363382,108.267717F, 165
1448486810,48.850091,2.363255,108.267717F, 164
1448486813,48.850171,2.363133,108.267717F, 164
1448486816,48.850252,2.363021,108.267717F, 163
1448486819,48.850348,2.362923,108.267717F, 164
1448486822,48.850457,2.362833,108.267717F, 165
1448486824,48.850513,2.362772,108.267717F, 165
1448486825,48.850550,2.362766,108.267717F, 164
1448486826,48.850580,2.362750,108.267717F, 164
1448486827,48.850602,2.362716,108.267717F, 164
1448486828,48.850624,2.362681,108.267717F, 164
1448486829,48.850651,2.362653,108.267717F, 164
1448486830,48.850684,2.362608,108.267717F, 165
1448486831,48.850720,2.362567,108.267717F, 166
1448486832,48.850746,2.362536,108.267717F, 165
1448486833,48.850773,2.362501,108.267717F, 165
1448486834,48.850800,2.362466,108.267717F, 165
1448486835,48.850829,2.362434,108.267717F, 165
1448486836,48.850855,2.362406,108.267717F, 165
1448486837,48.850878,2.362378,108.267717F, 164
1448486838,48.850902,2.362355,108.267717F, 164
1448486840,48.850909,2.362312,108.267717F, 164
1448486842,48.850915,2.362272,108.267717F, 164
1448486844,48.850921,2.362231,108.267717F, 165
1448486846,48.850923,2.362191,108.267717F, 164
1448486848,48.850925,2.362156,108.267717F, 164
1448486850,48.850932,2.362121,108.267717F, 164
1448486853,48.850938,2.362088,108.267717F, 163
1448486855,48.850938,2.362059,108.267717F, 162
1448486857,48.850933,2.362028,108.267717F, 160
1448486859,48.850921,2.361995,108.267717F, 159
1448486861,48.850905,2.361962,108.267717F, 158
1448486863,48.850894,2.361928,108.267717F, 156
1448486865,48.850896,2.361895,108.267717F, 152
1448486867,48.850892,2.361867,108.267717F, 149
1448486869,48.850883,2.361842,108.267717F, 147
1448486871,48.850882,2.361807,108.267717F, 145
1448486873,48.850868,2.361771,108.267717F, 139
1448486875,48.850853,2.361730,108.267717F, 133
1448486877,48.850828,2.361694,108.267717F, 125
1448486879,48.850825,2.361657,108.267717F, 119
1448486881,48.850841,2.361626,108.267717F, 115
1448486883,48.850858,2.361604,108.267717F, 113
1448486885,48.850890,2.361590,108.267717F, 112
1448486886,48.850904,2.361572,108.267717F, 112
1448486887,48.850911,2.361538,108.267717F, 112
1448486888,48.850906,2.361496,108.267717F, 112
1448486889,48.850889,2.361448,108.267717F, 113
1448486890,48.850868,2.361378,108.267717F, 114
1448486891,48.850843,2.361292,108.267717F, 117
1448486892,48.850816,2.361202,108.267717F, 120
1448486893,48.850789,2.361108,108.267717F, 123
1448486894,48.850768,2.361020,108.267717F, 125
1448486895,48.850745,2.360936,108.267717F, 127
1448486896,48.850722,2.360856,108.267717F, 129
1448486897,48.850700,2.360780,108.267717F, 132
1448486898,48.850678,2.360704,108.267717F, 135
1448486899,48.850655,2.360634,108.267717F, 140
1448486900,48.850634,2.360566,108.267717F, 144
1448486901,48.850613,2.360496,108.267717F, 149
1448486902,48.850598,2.360428,108.267717F, 152
1448486903,48.850581,2.360362,108.267717F, 155
1448486904,48.850559,2.360298,108.267717F, 159
1448486905,48.850544,2.360240,108.267717F, 160
1448486906,48.850539,2.360178,108.267717F, 162
1448486907,48.850545,2.360130,108.267717F, 164
1448486908,48.850557,2.360102,108.267717F, 165
1448486909,48.850572,2.360078,108.267717F, 166
1448486910,48.850597,2.360068,110.175937F, 167
1448486911,48.850629,2.360078,111.548557F, 168
1448486912,48.850660,2.360086,111.548557F, 169
1448486913,48.850693,2.360100,111.548557F, 169
1448486914,48.850730,2.360104,111.548557F, 170
1448486915,48.850769,2.360114,111.548557F, 170
1448486916,48.850805,2.360123,111.548557F, 171
1448486917,48.850839,2.360134,111.548557F, 171
1448486918,48.850871,2.360146,111.548557F, 171
1448486919,48.850903,2.360154,111.548557F, 171
1448486920,48.850939,2.360164,105.798989F, 171
1448486921,48.850978,2.360168,101.706037F, 170
1448486922,48.851012,2.360174,101.706037F, 170
1448486923,48.851049,2.360176,101.706037F, 169
1448486924,48.851082,2.360170,101.706037F, 169
1448486925,48.851111,2.360160,100.346834F, 169
1448486926,48.851141,2.360148,98.425197F, 168
1448486927,48.851169,2.360134,98.425197F, 167
1448486928,48.851196,2.360118,98.425197F, 167
1448486929,48.851223,2.360098,98.425197F, 167
1448486930,48.851244,2.360081,102.296560F, 167
1448486931,48.851267,2.360048,104.986877F, 166
1448486932,48.851286,2.360024,104.986877F, 166
1448486933,48.851305,2.359996,104.986877F, 166
1448486934,48.851327,2.359966,104.986877F, 165
1448486935,48.851348,2.359948,104.986877F, 165
1448486936,48.851376,2.359926,104.986877F, 165
1448486937,48.851398,2.359900,104.986877F, 165
1448486938,48.851420,2.359868,104.986877F, 165
1448486939,48.851442,2.359838,104.986877F, 165
1448486940,48.851464,2.359800,103.051196F, 164
1448486941,48.851482,2.359758,101.706037F, 164
1448486942,48.851499,2.359713,101.706037F, 163
1448486943,48.851516,2.359672,101.706037F, 163
1448486944,48.851533,2.359630,101.706037F, 163
1448486945,48.851550,2.359587,101.706037F, 162
1448486946,48.851575,2.359540,101.706037F, 162
1448486947,48.851593,2.359493,101.706037F, 162
1448486948,48.851612,2.359458,101.706037F, 162
1448486949,48.851632,2.359418,101.706037F, 162
1448486950,48.851655,2.359378,103.641718F, 161
1448486951,48.851672,2.359334,104.986877F, 161
1448486952,48.851692,2.359294,104.986877F, 161
1448486953,48.851709,2.359248,104.986877F, 161
1448486954,48.851726,2.359201,104.986877F, 161
1448486955,48.851741,2.359165,104.986877F, 161
1448486956,48.851754,2.359130,104.986877F, 161
1448486957,48.851773,2.359084,104.986877F, 161
1448486958,48.851791,2.359032,104.986877F, 161
1448486959,48.851808,2.358991,104.986877F, 161
1448486960,48.851825,2.358948,104.986877F, 162
1448486961,48.851843,2.358911,104.986877F, 161
1448486962,48.851857,2.358874,104.986877F, 161
1448486963,48.851875,2.358830,104.986877F, 161
1448486964,48.851893,2.358790,104.986877F, 161
1448486965,48.851913,2.358743,104.986877F, 162
1448486966,48.851926,2.358706,104.986877F, 162
1448486967,48.851941,2.358669,104.986877F, 162
1448486968,48.851959,2.358623,104.986877F, 162
1448486969,48.851973,2.358574,104.986877F, 163
1448486970,48.851993,2.358528,106.922558F, 163
1448486971,48.852009,2.358483,108.267717F, 163
1448486972,48.852026,2.358439,108.267717F, 163
1448486973,48.852038,2.358391,108.267717F, 163
1448486974,48.852048,2.358345,108.267717F, 163
1448486975,48.852059,2.358298,108.267717F, 163
1448486976,48.852074,2.358256,108.267717F, 164
1448486977,48.852088,2.358216,108.267717F, 164
1448486978,48.852106,2.358174,108.267717F, 163
1448486979,48.852123,2.358129,108.267717F, 163
1448486980,48.852140,2.358089,108.267717F, 164
1448486981,48.852152,2.358051,108.267717F, 164
1448486982,48.852170,2.358009,108.267717F, 164
1448486983,48.852186,2.357964,108.267717F, 164
1448486984,48.852202,2.357919,108.267717F, 164
1448486985,48.852216,2.357877,108.267717F, 164
1448486986,48.852230,2.357841,108.267717F, 164
1448486987,48.852242,2.357802,108.267717F, 164
1448486988,48.852255,2.357758,108.267717F, 163
1448486989,48.852270,2.357716,108.267717F, 163
1448486990,48.852282,2.357676,108.267717F, 164
1448486991,48.852300,2.357630,108.267717F, 164
1448486992,48.852316,2.357587,108.267717F, 164
1448486993,48.852333,2.357543,108.267717F, 163
1448486994,48.852344,2.357500,108.267717F, 163
1448486995,48.852356,2.357456,108.267717F, 163
1448486996,48.852365,2.357411,108.267717F, 163
1448486997,48.852381,2.357365,108.267717F, 163
1448486998,48.852404,2.357319,108.267717F, 163
1448486999,48.852430,2.357265,108.267717F, 163
1448487000,48.852450,2.357216,109.790926F, 163
1448487001,48.852467,2.357167,118.110236F, 163
1448487002,48.852479,2.357128,118.110236F, 163
1448487003,48.852488,2.357091,118.110236F, 163
1448487004,48.852498,2.357046,118.110236F, 163
1448487005,48.852521,2.356998,118.110236F, 163
1448487006,48.852541,2.356950,118.110236F, 164
1448487007,48.852558,2.356899,118.110236F, 165
1448487008,48.852581,2.356835,118.110236F, 165
1448487009,48.852603,2.356764,118.110236F, 165
1448487010,48.852627,2.356688,112.303193F, 166
1448487011,48.852654,2.356612,108.267717F, 167
1448487012,48.852678,2.356537,108.267717F, 167
1448487013,48.852704,2.356468,108.267717F, 167
1448487014,48.852727,2.356395,108.267717F, 168
1448487015,48.852751,2.356326,108.267717F, 168
1448487016,48.852776,2.356261,108.267717F, 168
1448487017,48.852794,2.356198,108.267717F, 169
1448487018,48.852813,2.356131,108.267717F, 171
1448487019,48.852832,2.356062,108.267717F, 172
1448487020,48.852853,2.355993,109.626894F, 173
1448487021,48.852874,2.355928,111.548557F, 174
1448487022,48.852894,2.355866,111.548557F, 175
1448487023,48.852908,2.355803,111.548557F, 176
1448487024,48.852924,2.355747,111.548557F, 176
1448487025,48.852945,2.355690,111.548557F, 177
1448487026,48.852965,2.355622,111.548557F, 178
1448487027,48.852988,2.355563,111.548557F, 178
1448487028,48.853009,2.355503,111.548557F, 178
1448487029,48.853030,2.355440,111.548557F, 179
1448487030,48.853050,2.355373,109.612875F, 179
1448487031,48.853071,2.355303,108.267717F, 179
1448487032,48.853094,2.355227,108.267717F, 179
1448487033,48.853116,2.355158,108.267717F, 180
1448487034,48.853135,2.355094,108.267717F, 181
1448487035,48.853151,2.355027,108.267717F, 181
1448487036,48.853168,2.354963,108.267717F, 181
1448487037,48.853184,2.354903,108.267717F, 181
1448487038,48.853203,2.354846,108.267717F, 181
1448487039,48.853216,2.354778,108.267717F, 182
1448487040,48.853238,2.354717,106.332035F, 183
1448487041,48.853258,2.354656,104.986877F, 183
1448487042,48.853274,2.354595,104.986877F, 182
1448487043,48.853297,2.354533,104.986877F, 182
1448487044,48.853318,2.354477,104.986877F, 182
1448487045,48.853342,2.354422,104.986877F, 181
1448487046,48.853361,2.354374,104.986877F, 182
1448487047,48.853377,2.354316,104.986877F, 183
1448487048,48.853391,2.354258,104.986877F, 183
1448487049,48.853407,2.354214,104.986877F, 183
1448487050,48.853418,2.354180,106.922558F, 182
1448487051,48.853425,2.354151,108.267717F, 182
1448487052,48.853423,2.354116,108.267717F, 182
1448487053,48.853416,2.354082,108.267717F, 182
1448487055,48.853391,2.354026,108.267717F, 182
1448487057,48.853376,2.353985,108.267717F, 182
1448487062,48.853355,2.353981,108.267717F, 179
1448487064,48.853335,2.353959,108.267717F, 179
1448487066,48.853319,2.353940,108.267717F, 179
1448487068,48.853294,2.353912,108.267717F, 177
1448487070,48.853264,2.353900,108.267717F, 176
1448487071,48.853245,2.353898,108.267717F, 175
1448487072,48.853223,2.353901,108.267717F, 175
1448487073,48.853204,2.353892,108.267717F, 174
1448487074,48.853189,2.353878,108.267717F, 174
1448487075,48.853172,2.353862,108.267717F, 172
1448487077,48.853157,2.353845,108.267717F, 171
1448487079,48.853138,2.353830,108.267717F, 166
1448487081,48.853114,2.353806,108.267717F, 163
1448487083,48.853094,2.353781,108.267717F, 162
1448487085,48.853069,2.353752,108.267717F, 162
1448487087,48.853046,2.353727,108.267717F, 160
1448487089,48.853022,2.353701,108.267717F, 157
1448487091,48.853004,2.353663,108.267717F, 151
1448487093,48.852979,2.353629,108.267717F, 146
1448487095,48.852960,2.353601,108.267717F, 142
1448487097,48.852949,2.353570,108.267717F, 135
1448487099,48.852942,2.353535,108.267717F, 131
1448487102,48.852928,2.353497,114.829397F, 127
1448487104,48.852916,2.353462,114.829397F, 125
1448487106,48.852898,2.353428,114.829397F, 123
1448487107,48.852886,2.353402,114.829397F, 122
1448487108,48.852871,2.353376,114.829397F, 121
1448487109,48.852854,2.353355,114.829397F, 121
1448487110,48.852834,2.353339,114.829397F, 121
1448487111,48.852808,2.353320,114.829397F, 121
1448487112,48.852779,2.353303,114.829397F, 122
1448487113,48.852744,2.353295,114.829397F, 123
1448487114,48.852717,2.353287,114.829397F, 124
1448487115,48.852684,2.353289,114.829397F, 125
1448487116,48.852650,2.353291,114.829397F, 127
1448487118,48.852584,2.353315,114.829397F, 130
1448487119,48.852548,2.353337,114.829397F, 131
1448487120,48.852517,2.353361,114.829397F, 132
1448487121,48.852484,2.353384,114.829397F, 133
1448487122,48.852453,2.353413,114.829397F, 133
1448487123,48.852420,2.353443,114.829397F, 134
1448487124,48.852387,2.353476,114.829397F, 135
1448487125,48.852358,2.353510,114.829397F, 135
1448487126,48.852327,2.353535,114.829397F, 136
1448487127,48.852297,2.353561,114.829397F, 137
1448487128,48.852265,2.353589,114.829397F, 137
1448487129,48.852235,2.353609,114.829397F, 137
1448487130,48.852207,2.353635,112.893715F, 137
1448487131,48.852175,2.353654,111.548557F, 137
1448487132,48.852147,2.353677,111.548557F, 137
1448487133,48.852119,2.353702,111.548557F, 137
1448487134,48.852093,2.353730,111.548557F, 139
1448487135,48.852062,2.353755,111.548557F, 141
1448487136,48.852036,2.353779,111.548557F, 141
1448487137,48.852012,2.353803,111.548557F, 142
1448487138,48.851989,2.353830,111.548557F, 142
1448487139,48.851963,2.353862,111.548557F, 142
1448487140,48.851933,2.353892,111.548557F, 142
1448487141,48.851908,2.353921,111.548557F, 142
1448487142,48.851882,2.353951,111.548557F, 142
1448487143,48.851855,2.353986,111.548557F, 143
1448487144,48.851831,2.354022,111.548557F, 143
1448487145,48.851808,2.354054,111.548557F, 144
1448487146,48.851785,2.354086,111.548557F, 144
1448487147,48.851757,2.354125,111.548557F, 145
1448487148,48.851734,2.354163,111.548557F, 145
1448487149,48.851711,2.354198,111.548557F, 144
1448487150,48.851686,2.354229,113.484238F, 144
1448487151,48.851659,2.354264,114.829397F, 145
1448487152,48.851633,2.354291,114.829397F, 145
1448487154,48.851600,2.354354,114.829397F, 144
1448487155,48.851586,2.354391,114.829397F, 145
1448487156,48.851575,2.354429,114.829397F, 145
1448487157,48.851566,2.354467,114.829397F, 145
1448487158,48.851551,2.354510,114.829397F, 146
1448487159,48.851540,2.354551,114.829397F, 146
1448487160,48.851527,2.354592,114.829397F, 146
1448487161,48.851507,2.354633,114.829397F, 146
1448487162,48.851488,2.354680,114.829397F, 146
1448487163,48.851471,2.354727,114.829397F, 147
1448487164,48.851457,2.354777,114.829397F, 147
1448487165,48.851439,2.354831,114.829397F, 147
1448487166,48.851425,2.354884,114.829397F, 148
1448487167,48.851409,2.354933,114.829397F, 147
1448487170,48.851386,2.355068,112.893715F, 148
1448487173,48.851343,2.355206,111.548557F, 149
1448487175,48.851314,2.355289,111.548557F, 149
1448487176,48.851300,2.355339,111.548557F, 149
1448487177,48.851284,2.355386,111.548557F, 150
1448487178,48.851274,2.355426,111.548557F, 151
1448487179,48.851264,2.355470,111.548557F, 151
1448487180,48.851257,2.355510,115.419919F, 152
1448487181,48.851249,2.355556,118.110236F, 152
1448487184,48.851216,2.355689,118.110236F, 152
1448487185,48.851204,2.355721,118.110236F, 152
1448487186,48.851195,2.355763,118.110236F, 152
1448487187,48.851185,2.355799,118.110236F, 151
1448487188,48.851173,2.355827,118.110236F, 151
1448487189,48.851159,2.355853,118.110236F, 150
1448487190,48.851142,2.355878,118.110236F, 150
1448487191,48.851127,2.355912,118.110236F, 150
1448487192,48.851110,2.355948,118.110236F, 149
1448487193,48.851097,2.355982,118.110236F, 149
1448487194,48.851080,2.356017,118.110236F, 150
1448487195,48.851061,2.356060,118.110236F, 150
1448487196,48.851051,2.356100,118.110236F, 150
1448487197,48.851039,2.356146,118.110236F, 150
1448487198,48.851021,2.356195,118.110236F, 150
1448487199,48.851007,2.356245,118.110236F, 151
1448487200,48.850988,2.356297,114.238874F, 151
1448487201,48.850971,2.356351,111.548557F, 152
1448487202,48.850951,2.356402,111.548557F, 152
1448487203,48.850932,2.356462,111.548557F, 152
1448487204,48.850914,2.356519,111.548557F, 153
1448487205,48.850899,2.356581,111.548557F, 154
1448487206,48.850881,2.356641,111.548557F, 154
1448487207,48.850864,2.356699,111.548557F, 155
1448487208,48.850841,2.356755,111.548557F, 156
1448487209,48.850822,2.356801,111.548557F, 156
1448487210,48.850803,2.356848,110.136016F, 156
1448487211,48.850785,2.356897,108.267717F, 156
1448487212,48.850770,2.356949,108.267717F, 156
1448487213,48.850753,2.356998,108.267717F, 156
1448487214,48.850732,2.357052,108.267717F, 156
1448487215,48.850711,2.357113,108.267717F, 156
1448487216,48.850684,2.357172,108.267717F, 156
1448487217,48.850657,2.357225,108.267717F, 157
1448487218,48.850639,2.357280,108.267717F, 157
1448487219,48.850618,2.357334,108.267717F, 158
1448487220,48.850603,2.357391,108.267717F, 159
1448487221,48.850578,2.357450,108.267717F, 160
1448487222,48.850555,2.357500,108.267717F, 161
1448487223,48.850530,2.357552,108.267717F, 161
1448487224,48.850506,2.357597,108.267717F, 161
1448487225,48.850481,2.357649,108.267717F, 162
1448487226,48.850457,2.357703,108.267717F, 162
1448487227,48.850436,2.357756,108.267717F, 162
1448487228,48.850425,2.357807,108.267717F, 162
1448487229,48.850403,2.357866,108.267717F, 162
1448487230,48.850378,2.357932,108.267717F, 163
1448487231,48.850352,2.357986,108.267717F, 163
1448487232,48.850331,2.358034,108.267717F, 164
1448487233,48.850311,2.358083,108.267717F, 165
1448487234,48.850292,2.358143,108.267717F, 166
1448487235,48.850271,2.358206,108.267717F, 166
1448487236,48.850255,2.358262,108.267717F, 166
1448487237,48.850236,2.358321,108.267717F, 167
1448487238,48.850212,2.358377,108.267717F, 167
1448487239,48.850190,2.358441,108.267717F, 167
1448487240,48.850170,2.358495,110.203398F, 168
1448487241,48.850155,2.358549,111.548557F, 168
1448487242,48.850140,2.358611,111.548557F, 168
1448487243,48.850123,2.358664,111.548557F, 169
1448487244,48.850107,2.358712,111.548557F, 170
1448487245,48.850093,2.358751,111.548557F, 170
1448487248,48.850076,2.358714,111.548557F, 170
1448487249,48.850066,2.358665,111.548557F, 169
1448487250,48.850050,2.358607,111.548557F, 170
1448487251,48.850037,2.358546,111.548557F, 171
1448487252,48.850022,2.358482,111.548557F, 172
1448487253,48.850012,2.358424,111.548557F, 172
1448487255,48.849967,2.358290,111.548557F, 172
1448487256,48.849943,2.358230,111.548557F, 172
1448487257,48.849923,2.358165,111.548557F, 172
1448487258,48.849903,2.358104,111.548557F, 173
1448487259,48.849886,2.358034,111.548557F, 174
1448487260,48.849863,2.357967,115.419919F, 174
1448487261,48.849843,2.357901,118.110236F, 174
1448487262,48.849825,2.357838,118.110236F, 175
1448487263,48.849804,2.357767,118.110236F, 177
1448487264,48.849783,2.357697,118.110236F, 178
1448487265,48.849763,2.357629,118.110236F, 178
1448487266,48.849741,2.357560,118.110236F, 178
1448487267,48.849719,2.357488,118.110236F, 178
1448487268,48.849701,2.357423,118.110236F, 179
1448487269,48.849683,2.357362,118.110236F, 179
1448487270,48.849662,2.357303,116.597966F, 179
1448487271,48.849647,2.357247,114.829397F, 179
1448487272,48.849638,2.357185,114.829397F, 178
1448487273,48.849622,2.357122,114.829397F, 179
1448487274,48.849602,2.357063,114.829397F, 179
1448487275,48.849582,2.357007,114.829397F, 180
1448487276,48.849564,2.356950,114.829397F, 181
1448487277,48.849550,2.356894,114.829397F, 182
1448487278,48.849535,2.356846,114.829397F, 183
1448487279,48.849530,2.356803,114.829397F, 184
1448487280,48.849529,2.356762,112.893715F, 184
1448487282,48.849527,2.356723,111.548557F, 186
1448487285,48.849533,2.356696,111.548557F, 183
1448487287,48.849542,2.356661,111.548557F, 180
1448487289,48.849545,2.356616,111.548557F, 180
1448487291,48.849544,2.356580,108.267717F, 178
1448487293,48.849549,2.356531,108.267717F, 177
1448487299,48.849553,2.356493,108.267717F, 172
1448487301,48.849575,2.356468,108.267717F, 171
1448487303,48.849587,2.356444,108.267717F, 169
1448487305,48.849597,2.356409,108.267717F, 168
1448487307,48.849602,2.356381,108.267717F, 166
1448487309,48.849615,2.356345,108.267717F, 164
1448487310,48.849616,2.356316,108.267717F, 163
1448487313,48.849605,2.356295,108.267717F, 158
1448487316,48.849584,2.356290,110.203398F, 152
1448487320,48.849588,2.356263,111.548557F, 144
1448487323,48.849594,2.356226,111.548557F, 137
1448487325,48.849607,2.356191,111.548557F, 133
1448487327,48.849617,2.356140,111.548557F, 130
1448487328,48.849630,2.356110,111.548557F, 129
1448487329,48.849649,2.356081,111.548557F, 127
1448487330,48.849666,2.356050,111.548557F, 127
1448487331,48.849684,2.356012,111.548557F, 126
1448487332,48.849710,2.355974,111.548557F, 126
1448487333,48.849736,2.355929,111.548557F, 126
1448487334,48.849764,2.355882,111.548557F, 126
1448487335,48.849785,2.355838,111.548557F, 127
1448487336,48.849806,2.355794,111.548557F, 128
1448487337,48.849824,2.355745,111.548557F, 128
1448487338,48.849841,2.355691,111.548557F, 129
1448487339,48.849860,2.355639,111.548557F, 130
1448487340,48.849877,2.355585,113.484238F, 131
1448487341,48.849890,2.355526,114.829397F, 132
1448487342,48.849905,2.355475,114.829397F, 132
1448487343,48.849919,2.355427,114.829397F, 133
1448487344,48.849934,2.355389,114.829397F, 135
1448487345,48.849947,2.355341,114.829397F, 137
1448487346,48.849963,2.355297,114.829397F, 138
1448487347,48.849981,2.355248,114.829397F, 140
1448487348,48.849997,2.355198,114.829397F, 141
1448487349,48.850006,2.355155,114.829397F, 141
1448487350,48.850020,2.355108,114.829397F, 141
1448487351,48.850030,2.355052,114.829397F, 143
1448487352,48.850046,2.355001,114.829397F, 144
1448487353,48.850060,2.354953,114.829397F, 145
1448487354,48.850079,2.354899,114.829397F, 146
1448487355,48.850096,2.354853,114.829397F, 146
1448487356,48.850114,2.354814,114.829397F, 147
1448487357,48.850133,2.354772,114.829397F, 148
1448487358,48.850151,2.354727,114.829397F, 148
1448487359,48.850169,2.354682,114.829397F, 149
1448487360,48.850186,2.354634,112.893715F, 149
1448487361,48.850201,2.354586,111.548557F, 149
1448487362,48.850211,2.354539,111.548557F, 149
1448487363,48.850224,2.354491,111.548557F, 149
1448487364,48.850239,2.354443,111.548557F, 149
1448487365,48.850252,2.354395,111.548557F, 149
1448487366,48.850265,2.354352,111.548557F, 150
1448487367,48.850275,2.354305,111.548557F, 150
1448487368,48.850284,2.354259,111.548557F, 150
1448487369,48.850298,2.354221,111.548557F, 149
1448487370,48.850308,2.354176,111.548557F, 149
1448487371,48.850326,2.354133,111.548557F, 149
1448487372,48.850339,2.354092,111.548557F, 149
1448487373,48.850356,2.354050,111.548557F, 149
1448487374,48.850374,2.354003,111.548557F, 149
1448487375,48.850386,2.353956,111.548557F, 149
1448487376,48.850394,2.353920,111.548557F, 149
1448487377,48.850405,2.353886,111.548557F, 150
1448487379,48.850414,2.353842,111.548557F, 149
1448487381,48.850421,2.353805,111.548557F, 149
1448487383,48.850416,2.353765,111.548557F, 146
1448487385,48.850412,2.353721,111.548557F, 146
1448487387,48.850409,2.353682,111.548557F, 145
1448487391,48.850416,2.353599,111.548557F, 140
1448487393,48.850420,2.353556,111.548557F, 138
1448487395,48.850417,2.353527,111.548557F, 135
1448487397,48.850399,2.353548,111.548557F, 132
1448487399,48.850388,2.353585,111.548557F, 129
1448487401,48.850406,2.353603,111.548557F, 126
1448487452,48.850410,2.353597,114.815265F, 0
